24
2
49561
32296
32018
31914
31957
31949
31954
32007
31956
32193
4
162508
159498
159173
159162
159290
159170
159095
159218
159225
159243
6
452843
491341
450462
450358
450356
450354
450356
450356
450354
450356
8
1540024
1481753
1502890
1480740
1480785
1418327
1120497
1121183
1138207
1120787
10
3605641
3592944
3592265
3565044
3577865
3576307
3579918
3576824
3574605
3572082
12
8358477
8389995
8333756
8332186
8431708
8343256
8323359
8347568
8335983
8316536
14
18450800
18461212
19086579
19044351
18608816
18582516
18605443
18598957
18565407
18566950
16
42980276
43204727
43001148
42911387
43078000
42984732
43095538
42953459
42985860
43065952
18
65324657
64584464
64517848
64370686
64541114
64635273
64381999
64645693
64493483
64454345
20
153898387
154213070
153774079
153864468
153587387
153875706
153906595
153440656
153629884
153590162
22
365674126
366518921
367261857
365342651
365865574
365624888
378672658
366641903
366128024
368402520
24
369573383
369485974
368722806
369554514
369854077
369694300
369034207
370054480
368854197
369437888
26
771417073
773028994
770912016
770961248
771559182
770802843
770501624
771257909
770201164
769440504
28
1205667681
1203202710
1202795007
1202597410
1201430999
1202486160
1204632660
1203099350
1210225354
1211661208
30
2008231271
2003434786
2002095571
2001066953
2007925671
2004147498
2007907991
2002367082
2001899192
2005531302
32
2353109219
2354779805
2352376993
2351729780
2353334626
2350202789
2348819706
2353212100
2353347764
2351306010
34
4720731770
4725507807
4730904061
4730206116
4728612623
4726936444
4724339749
4732734528
4727533102
4734828718
36
13066444242
13077389288
13069488157
13074776144
13077832756
13081072851
13080326560
13076232923
13085633981
13077820785
38
10550398045
10557695459
10543368264
10550781854
10554497845
10550246510
10547386647
10545129779
10545457243
10555023526
40
21829017130
21793928518
21787884649
21801047073
21815067856
21806345328
21804495362
21792129541
21804294925
21795567006
42
90575825316
90600005329
90622682690
90636431365
90618005277
90601086049
90666897889
90618425968
90656383255
90177564025
44
107568542698
107502409600
107352513954
107352077229
107727604131
107740971047
107670975295
107723744822
107695724859
107713954526
46
160979674530
160987506282
160897519807
160929454978
160989965329
160811053884
160596530480
160820848583
160824524475
160862440128
48
192469008918
192462243518
192440823737
192469978982
192449497752
192491815915
192482277730
192491819350
192442844160
192482525518
