20
19,12,3,1,14,0,15,0,14,20,7,18,14,7,16,17,17,20,18,16,
40
20,6,8,10,17,31,10,16,4,4,0,25,36,0,36,13,23,36,38,25,15,36,24,7,40,31,34,17,14,30,31,0,3,23,24,19,17,10,35,30,
60
49,8,0,4,33,21,31,38,46,10,54,60,29,53,10,37,21,38,25,48,33,41,5,25,46,32,44,10,48,21,50,3,43,48,22,3,59,28,9,41,45,12,40,8,28,53,57,33,46,48,31,41,49,46,16,36,3,11,57,58,
80
69,18,31,62,41,21,19,7,37,8,71,66,47,53,70,2,49,41,12,39,54,71,8,4,6,80,13,3,14,23,16,7,43,73,47,13,74,47,66,47,19,31,45,21,65,62,61,50,27,38,21,1,57,35,28,47,9,6,56,13,66,59,1,46,22,52,28,27,79,48,46,6,15,19,30,28,7,18,31,59,
100
2,34,65,5,82,91,21,18,88,1,21,17,34,47,97,14,88,33,36,4,87,96,74,61,3,87,50,34,61,49,37,80,7,97,88,32,39,6,52,96,99,35,12,70,89,28,37,12,81,63,21,15,85,69,43,37,74,13,64,9,11,75,1,33,70,100,36,19,76,76,14,51,3,25,47,54,26,19,22,97,26,66,25,80,76,69,45,80,99,78,42,49,3,37,74,4,49,67,27,70,
120
87,80,58,39,76,89,36,33,21,10,44,11,0,79,82,24,25,120,22,0,28,27,111,83,1,72,111,102,87,14,60,99,6,106,105,79,78,66,22,95,1,113,91,1,15,25,75,94,68,54,46,9,98,102,18,87,34,64,79,115,44,15,117,20,114,52,69,11,66,41,65,6,88,53,64,7,17,51,37,0,29,7,104,113,95,66,58,19,88,10,1,3,72,64,92,109,58,90,14,86,89,92,118,86,5,120,23,21,30,118,44,50,50,4,115,115,31,18,61,52,
140
65,12,0,33,109,49,126,101,56,2,127,64,65,65,50,108,124,18,122,83,51,35,75,27,9,120,83,64,36,137,92,61,20,33,59,120,53,11,124,50,39,105,55,120,106,34,106,112,45,17,50,116,17,47,34,54,126,64,53,134,63,17,29,107,104,39,69,81,85,75,129,1,5,33,29,80,33,134,55,79,63,76,95,66,34,116,40,30,55,84,63,120,31,61,109,40,135,16,42,17,73,124,79,39,30,16,126,47,23,113,12,47,85,74,84,29,11,138,105,85,116,114,7,92,65,37,107,27,111,140,96,24,26,31,123,61,44,66,8,140,
160
73,110,101,1,99,121,15,22,128,29,160,89,17,17,99,4,13,12,18,121,126,76,158,14,104,8,64,32,96,16,122,21,65,103,49,102,147,16,0,151,24,82,17,33,85,72,31,81,57,25,101,61,46,125,26,109,103,64,25,103,134,49,79,89,47,60,35,50,99,53,48,25,93,147,116,146,130,18,22,96,89,53,73,7,20,146,128,2,29,59,61,76,31,119,75,155,125,156,28,121,23,120,66,44,121,39,98,19,157,16,119,113,8,78,105,71,9,49,85,25,96,103,130,41,39,112,34,16,12,26,121,144,70,29,134,31,140,113,156,42,156,128,12,126,22,65,15,78,108,107,83,73,153,90,145,148,62,143,96,110,
180
144,116,166,55,113,9,45,125,29,178,91,13,118,177,14,35,98,54,147,126,81,42,67,82,85,126,126,114,75,79,111,116,42,134,42,21,17,43,46,59,128,159,66,131,123,159,16,12,64,22,39,38,34,81,166,122,139,100,135,108,76,170,49,49,101,14,26,99,12,148,124,170,46,78,85,73,157,124,150,61,180,143,71,2,51,49,31,85,136,91,48,173,53,150,159,178,15,146,46,157,39,0,163,50,97,97,136,104,155,18,128,162,101,126,148,153,178,43,116,42,174,46,23,95,130,61,73,172,129,52,134,44,79,8,51,120,74,138,168,79,82,140,91,96,12,161,162,79,98,157,47,39,86,134,95,51,104,146,9,68,13,57,142,70,88,44,74,149,57,72,79,154,5,140,83,160,18,84,103,155,
200
180,97,123,46,169,27,132,174,95,49,123,69,94,170,81,117,67,100,74,13,113,130,138,116,117,43,200,179,183,154,178,122,130,91,60,184,48,94,171,182,133,94,16,132,140,183,139,12,163,198,85,90,144,84,182,17,9,83,12,137,185,114,5,176,102,156,48,114,139,3,73,87,160,10,108,17,56,100,136,64,174,190,12,164,135,171,46,94,151,34,4,143,44,64,160,177,161,74,39,126,122,52,172,152,197,170,133,57,18,143,58,147,86,187,19,13,89,59,199,16,14,168,86,56,117,20,169,78,197,194,27,118,172,105,31,43,107,134,22,7,133,11,3,134,129,34,42,2,109,156,117,31,139,103,123,6,190,27,125,131,195,54,91,46,6,99,122,96,116,50,81,134,79,107,0,143,96,113,151,169,108,180,0,178,29,153,162,39,16,186,12,158,170,71,10,110,90,8,130,198,
220
187,161,48,133,106,198,118,67,88,71,144,74,154,14,72,105,109,180,196,50,17,93,30,114,17,64,70,36,5,155,189,92,16,1,130,209,118,187,24,13,199,102,108,166,182,137,132,195,209,207,60,178,134,202,129,108,165,30,69,191,53,13,12,161,190,32,91,144,77,100,101,179,47,0,87,129,99,42,201,8,189,43,219,200,89,168,106,8,115,210,130,195,202,63,129,40,139,69,27,185,120,156,150,60,154,165,28,153,0,216,158,85,219,172,66,147,1,58,148,25,13,177,75,19,83,91,11,7,163,161,171,190,37,90,188,83,110,54,185,183,153,130,23,69,165,112,73,71,84,46,129,69,99,3,155,170,51,6,55,123,128,211,139,2,162,100,58,46,113,27,188,20,217,26,35,1,31,181,22,78,58,2,57,60,105,115,57,101,202,191,10,153,36,212,174,178,154,64,53,52,180,172,178,192,118,38,133,75,196,165,60,212,102,213,60,68,70,116,97,90,
240
170,195,51,196,82,220,125,78,27,20,34,85,1,38,173,126,133,239,234,0,189,146,81,64,98,74,86,140,87,194,214,140,118,167,71,114,32,60,99,61,92,197,91,36,178,21,159,121,29,49,43,141,208,199,26,85,38,107,41,204,10,147,236,4,102,205,90,71,26,187,175,38,160,13,141,95,162,99,123,50,214,47,201,91,33,168,223,104,108,51,190,8,153,95,154,66,56,133,186,205,124,210,172,151,6,67,69,79,68,41,88,113,235,223,108,15,84,107,47,136,98,13,119,76,195,213,10,79,112,173,4,18,50,133,127,83,52,19,19,51,162,27,230,211,17,102,27,13,156,39,1,109,7,32,73,63,23,58,220,193,234,38,138,147,96,155,42,178,189,138,182,118,194,5,3,147,77,97,206,102,171,214,86,213,88,48,213,205,197,46,172,223,153,79,172,100,156,142,51,31,43,195,22,80,46,161,74,214,79,13,214,123,114,135,124,182,139,85,23,162,208,115,100,117,101,36,79,122,9,0,211,236,10,3,51,171,133,127,211,0,
260
206,252,196,145,108,39,27,253,111,97,3,156,106,79,94,71,145,178,184,43,227,76,1,105,49,156,115,119,226,98,32,201,125,184,14,55,98,101,35,250,164,201,66,99,162,229,96,236,44,40,123,18,48,57,229,8,86,213,246,97,72,18,131,32,96,237,7,57,169,128,9,184,153,134,31,22,229,191,179,96,70,12,106,165,224,208,184,93,130,133,179,199,153,238,216,130,69,40,213,137,173,237,229,118,250,129,239,152,154,152,26,253,42,176,78,3,245,124,128,192,24,253,54,124,132,67,74,112,15,188,103,206,123,207,9,174,45,28,246,142,241,143,178,239,198,218,167,221,206,249,144,17,36,145,141,49,103,82,257,95,2,15,214,168,127,36,253,63,7,229,175,167,61,138,120,39,89,108,222,16,20,210,40,159,161,135,159,217,219,208,246,130,159,171,13,13,22,149,235,65,64,87,184,173,73,9,117,229,122,120,131,163,104,15,234,239,78,159,93,231,256,141,171,13,175,107,105,80,142,135,203,240,168,89,158,185,2,123,190,80,147,93,152,254,135,149,53,103,180,256,140,84,106,256,62,252,135,197,204,140,
280
177,201,155,185,69,137,74,262,177,124,38,165,117,93,189,19,39,7,157,105,277,79,126,226,135,10,80,116,107,101,20,184,27,208,184,54,0,152,10,16,43,201,149,1,267,160,106,157,159,217,148,135,103,256,88,32,35,182,133,19,238,93,40,258,125,35,12,67,225,252,53,117,139,78,202,28,88,91,180,96,6,21,257,234,152,179,197,60,88,247,95,266,260,133,219,254,92,183,226,258,264,163,151,211,102,256,101,172,77,98,219,67,207,185,187,77,55,203,173,15,78,93,171,245,72,34,187,133,13,177,65,105,179,126,214,85,200,185,244,37,194,48,160,233,13,138,84,15,11,131,120,200,113,181,181,268,186,231,260,12,227,68,174,184,66,147,234,265,13,24,182,47,55,10,90,165,208,75,90,166,22,125,173,166,222,16,66,197,146,218,215,125,138,33,55,92,129,59,255,27,138,133,182,41,236,17,178,163,72,70,66,141,277,65,209,59,118,94,205,28,248,108,252,117,186,261,279,20,185,255,237,106,67,160,191,24,104,260,278,138,123,117,151,15,192,118,161,75,255,268,189,73,256,51,191,61,240,79,257,172,254,44,36,205,122,35,75,256,44,80,12,153,39,197,151,201,54,233,10,114,
300
250,183,43,23,97,10,139,295,111,39,251,211,285,23,140,146,95,237,185,157,115,169,296,198,113,263,226,7,256,47,259,224,111,112,276,167,265,210,83,257,180,193,96,180,220,179,3,296,19,116,37,216,279,26,177,243,141,236,58,50,185,170,216,39,237,17,167,192,163,126,76,10,132,253,33,47,44,32,291,216,205,30,137,212,287,295,250,98,199,81,115,296,222,261,101,3,19,225,128,298,234,59,263,1,243,47,270,168,287,29,285,185,269,28,180,71,29,174,42,49,233,18,129,145,88,28,97,274,223,179,298,259,137,232,130,228,299,293,101,27,289,254,166,92,174,42,206,108,259,81,230,193,110,122,133,248,79,68,239,231,172,215,13,229,100,291,157,241,52,3,8,191,209,253,127,215,68,74,23,179,95,9,258,66,178,274,134,135,52,217,109,294,259,126,260,275,35,36,284,21,58,88,195,10,14,141,239,162,33,226,102,88,296,131,127,208,265,262,123,299,160,172,264,97,292,108,72,11,145,98,89,184,251,105,63,285,202,73,72,121,228,275,259,9,123,143,52,15,54,197,297,284,242,235,226,175,99,122,276,238,121,265,69,118,271,18,242,26,146,198,65,182,266,19,220,259,81,218,241,40,130,223,37,217,185,275,201,204,150,243,279,10,294,171,152,56,258,29,65,162,
320
258,282,200,70,298,193,19,63,149,190,238,127,157,116,147,164,49,233,272,135,15,151,255,159,8,312,57,286,25,66,314,42,126,200,53,278,110,203,237,171,10,192,303,155,269,199,133,320,182,218,122,301,226,68,251,317,183,269,276,25,267,246,39,178,239,7,315,306,292,163,5,135,226,18,261,122,266,308,251,75,44,101,108,60,9,302,163,295,199,113,188,83,159,308,272,0,7,172,68,170,49,281,222,320,68,18,157,269,268,293,132,299,135,123,299,177,81,159,147,130,265,276,306,297,110,87,32,279,247,195,198,111,244,171,95,305,4,28,41,205,90,128,161,319,22,215,18,176,213,272,122,108,154,235,277,178,190,131,158,298,42,280,101,3,312,69,112,318,226,268,41,315,34,167,318,159,295,62,310,78,72,183,314,87,247,244,306,5,320,44,26,196,307,273,22,151,304,35,110,316,15,226,255,72,44,50,200,93,291,102,278,65,215,107,246,230,203,217,202,257,271,242,307,42,177,305,77,115,317,53,28,2,58,234,2,208,257,226,238,200,201,233,49,80,54,19,85,216,247,60,305,320,142,153,86,193,292,49,157,88,127,65,87,215,61,82,168,152,189,161,33,221,32,171,29,175,317,68,64,150,160,182,208,74,112,104,210,226,179,172,240,114,272,282,271,287,286,303,121,122,34,48,174,215,57,300,155,22,26,201,191,304,8,277,297,119,165,116,237,134,
340
267,192,174,169,60,87,66,277,299,135,324,309,2,120,264,77,51,312,111,310,322,273,7,85,78,227,282,42,170,85,25,35,236,215,334,303,160,37,67,282,224,225,135,48,49,181,162,281,11,310,186,203,334,165,10,269,108,263,92,15,139,38,53,210,218,282,129,143,273,69,273,212,118,210,32,154,266,179,88,312,261,271,218,78,75,107,102,202,299,164,201,86,245,151,269,269,21,38,171,17,149,155,42,166,194,226,116,122,300,256,263,214,94,256,293,193,249,34,31,194,173,102,310,250,266,254,3,233,340,282,119,212,232,312,224,295,202,80,33,331,125,84,245,34,291,72,292,117,171,78,246,298,254,46,188,15,185,121,30,77,326,285,258,96,268,178,158,191,88,43,332,66,274,219,182,140,133,83,113,13,169,143,45,340,132,25,211,235,250,207,105,181,162,216,279,231,169,245,90,156,163,329,11,32,168,183,256,228,56,108,206,87,105,58,207,288,265,137,90,46,60,253,107,40,104,39,112,212,207,11,201,172,334,328,160,330,223,331,52,73,52,233,69,42,109,226,153,306,153,310,240,97,332,215,115,191,78,243,85,127,101,273,302,110,230,243,165,280,92,189,241,160,7,326,22,296,147,231,7,249,116,150,335,295,294,54,332,209,306,172,98,27,168,119,87,279,283,188,122,267,173,146,188,278,334,277,141,315,198,149,123,246,305,309,12,299,163,99,109,82,21,36,115,11,85,273,134,172,278,139,155,274,5,136,264,57,69,338,201,31,
360
81,152,237,123,67,192,199,245,347,301,171,131,146,175,60,163,35,196,351,242,335,77,1,84,74,75,277,11,157,229,198,74,261,223,311,316,247,300,166,155,194,349,80,44,22,337,314,94,78,62,88,61,230,273,158,203,216,65,213,229,360,83,103,126,104,212,313,299,328,233,67,112,267,139,291,161,112,259,305,99,24,319,150,112,307,20,222,211,291,149,171,256,270,352,15,259,217,130,299,146,44,49,341,43,245,139,237,230,331,343,136,54,107,197,221,198,223,191,193,119,158,295,129,122,280,191,41,24,79,248,355,55,291,216,147,166,221,279,260,227,148,238,328,46,60,43,330,341,190,146,94,228,104,316,348,80,180,54,220,120,15,348,154,11,172,116,298,229,11,141,71,352,191,14,263,304,242,82,292,19,152,89,262,274,300,290,57,211,358,172,271,107,170,60,117,334,24,217,196,110,143,70,87,168,353,210,76,112,162,66,57,139,123,47,181,243,212,82,342,313,266,281,103,228,252,115,359,127,332,224,86,139,278,262,179,59,34,221,58,211,351,64,337,9,135,50,349,328,36,8,24,301,93,130,301,211,176,137,230,357,257,213,186,13,75,116,131,269,217,197,23,137,31,61,254,128,324,277,100,205,26,238,71,16,42,296,280,289,265,202,196,137,168,39,15,120,338,184,101,160,219,152,88,234,119,61,207,336,93,61,33,190,15,5,220,205,72,243,28,73,56,149,67,354,52,172,322,221,196,195,323,67,92,143,49,229,247,258,128,83,198,101,214,196,178,303,119,166,327,159,15,277,86,267,322,214,327,302,330,81,
380
260,274,279,60,115,341,103,121,227,313,334,168,141,200,52,299,306,62,198,235,165,219,7,112,278,20,18,221,303,226,20,61,152,68,340,178,365,116,351,78,281,180,116,158,1,160,284,226,208,14,296,137,202,92,313,119,171,110,56,118,110,336,93,71,380,350,283,12,19,337,52,111,139,127,347,306,203,255,208,202,93,162,336,121,115,78,370,30,316,141,81,13,64,35,90,80,153,35,72,147,82,37,35,173,103,159,259,100,369,173,96,116,140,95,374,344,156,130,182,292,88,208,151,370,54,129,144,230,275,110,279,34,132,108,79,18,75,85,120,112,84,351,110,352,62,380,365,373,62,92,292,11,260,188,81,247,76,237,89,164,326,223,139,18,372,373,157,80,227,53,101,72,226,17,306,3,364,61,235,78,201,376,163,309,345,162,163,373,263,191,17,47,185,124,211,48,6,86,69,38,227,310,245,346,185,311,263,6,204,57,262,352,153,4,204,336,167,197,64,279,41,37,42,168,195,195,228,319,119,24,177,129,54,163,9,85,204,225,31,64,45,336,115,226,286,258,56,199,360,133,148,250,45,22,345,239,356,127,198,195,245,349,172,351,60,61,103,24,184,102,262,308,45,166,348,162,2,264,66,288,341,254,72,342,368,176,25,338,266,39,45,208,366,139,150,276,7,142,299,46,10,158,2,13,7,50,201,322,32,298,380,198,185,54,92,46,331,200,121,215,225,235,380,282,254,364,259,3,275,374,367,362,137,272,42,114,341,175,75,289,206,170,19,224,331,209,16,255,127,144,0,350,163,103,232,218,193,91,283,101,117,27,130,293,247,157,335,232,75,190,9,1,206,37,306,352,315,261,330,129,
400
339,144,170,400,193,243,92,299,233,107,268,300,280,53,62,331,139,107,194,167,250,338,286,313,357,21,349,330,376,179,195,108,355,304,173,388,390,390,245,391,132,370,107,47,188,191,170,91,386,19,386,111,163,385,281,65,276,96,298,41,92,314,167,234,315,197,310,368,312,316,146,373,36,379,250,178,102,118,260,197,250,386,249,224,206,247,122,40,194,25,233,94,210,360,349,305,167,380,260,352,32,168,308,296,324,82,51,200,33,50,111,261,373,297,63,19,140,226,212,126,128,400,148,86,229,19,229,116,49,170,397,109,164,294,207,220,319,62,145,282,309,249,327,361,124,8,81,11,92,295,267,217,375,67,368,181,210,276,317,196,293,335,31,388,380,316,218,374,112,277,297,237,328,13,241,168,314,165,342,19,194,329,321,13,252,23,255,312,321,13,234,67,11,112,324,176,87,280,311,52,303,280,242,85,376,249,345,299,345,32,218,234,383,137,61,129,196,314,338,93,377,377,140,52,320,213,21,159,389,333,82,318,182,202,337,293,151,235,142,73,369,348,301,394,308,74,268,331,5,32,78,144,316,130,358,51,305,89,353,2,380,316,236,191,51,305,307,68,281,133,200,169,381,239,216,171,374,10,325,73,72,130,242,331,58,211,227,69,374,184,359,185,344,59,388,392,144,208,10,119,190,317,389,370,18,356,1,119,224,9,115,338,15,282,136,267,250,159,36,163,372,59,89,320,217,206,335,232,74,300,196,371,154,315,249,97,267,22,299,25,206,110,135,4,72,37,6,71,193,36,326,99,97,101,319,229,108,150,34,207,369,66,128,199,337,321,393,136,42,45,358,20,371,199,167,331,64,267,98,82,33,164,120,288,285,101,277,345,250,247,21,148,203,128,135,190,181,240,77,167,
420
325,406,160,364,418,308,261,34,70,169,397,417,347,307,69,34,127,412,409,163,322,202,178,81,372,101,233,123,139,403,197,1,63,383,113,26,117,201,102,332,327,381,362,322,160,5,198,325,412,203,211,198,30,87,28,322,289,101,117,201,401,389,231,183,163,206,102,79,354,380,373,125,121,374,418,154,417,393,44,186,97,140,102,196,207,231,226,241,238,88,21,388,229,35,378,296,417,192,106,234,5,80,91,262,17,366,149,106,387,280,110,293,239,326,22,47,325,396,293,387,59,235,173,231,387,346,190,371,319,288,402,379,290,419,281,95,131,363,314,31,394,316,106,209,7,134,119,257,356,56,218,243,247,370,156,76,290,132,162,99,16,397,91,280,39,401,238,339,224,72,52,164,62,296,382,390,401,33,324,382,85,159,164,255,7,256,174,361,292,69,121,292,63,59,253,154,299,43,85,18,79,365,366,323,298,204,251,296,103,248,96,56,352,230,201,190,371,80,414,402,79,389,109,370,161,225,263,342,24,128,351,321,24,119,382,97,76,331,161,142,202,243,119,9,359,287,394,25,235,91,396,242,265,371,407,191,56,29,166,327,90,170,335,58,211,148,170,158,133,324,307,13,2,135,246,362,109,241,2,137,65,18,277,43,66,210,186,23,187,128,38,177,287,136,407,29,326,233,404,52,47,112,400,110,326,215,304,24,341,314,279,64,139,265,260,31,235,419,223,78,18,379,325,374,323,129,369,411,190,93,31,220,399,132,379,9,247,100,371,216,157,143,197,37,270,223,382,418,288,47,169,345,134,320,340,88,369,110,380,81,21,128,201,415,27,104,123,292,65,350,28,280,7,286,265,46,29,148,90,314,274,345,383,316,64,165,283,88,92,202,198,42,205,151,95,112,4,277,42,163,244,364,16,166,320,398,307,32,97,317,72,39,234,311,171,411,5,97,152,41,
440
324,405,334,193,252,339,363,7,316,381,345,427,286,314,204,366,367,137,159,409,386,276,346,92,199,255,71,336,169,22,233,133,111,25,89,386,249,6,289,195,347,103,118,92,36,336,304,124,320,383,242,71,406,225,414,185,38,401,238,281,144,160,296,187,399,390,132,305,118,382,332,379,356,326,109,55,359,214,431,309,184,288,221,310,264,141,322,67,232,199,88,243,68,217,318,234,143,155,114,262,413,138,100,315,77,255,402,119,148,353,213,14,238,62,75,210,31,135,157,16,21,205,83,358,60,173,237,86,214,293,196,181,281,103,295,9,339,252,120,204,225,418,319,215,109,16,334,349,250,164,7,197,368,73,209,163,199,402,362,80,316,254,65,378,345,288,292,324,380,168,46,337,130,364,315,236,75,322,322,175,294,196,192,154,373,180,107,94,387,397,46,265,407,317,7,313,197,264,165,43,38,334,119,305,393,296,252,2,425,174,169,300,403,262,435,314,359,302,19,382,20,368,230,40,208,13,358,311,137,330,272,200,330,439,5,257,276,183,414,120,44,209,273,416,334,175,336,9,176,254,223,54,267,63,413,214,51,13,219,243,95,367,315,159,101,295,264,82,355,21,14,145,421,147,52,350,385,4,160,373,343,42,313,27,337,313,227,200,303,202,90,36,163,126,420,241,273,153,188,4,279,399,17,133,70,33,362,106,93,2,9,404,334,140,3,359,340,434,408,139,137,386,382,272,132,104,132,310,259,393,241,246,403,203,33,157,161,359,303,350,425,192,327,168,343,222,113,142,427,169,240,21,82,220,185,183,274,218,390,438,395,78,388,340,318,42,365,141,378,388,364,190,12,153,59,338,270,86,103,299,176,219,185,32,340,32,358,5,233,241,277,344,103,190,358,23,160,309,333,113,337,145,12,233,312,49,227,337,11,295,368,86,214,61,246,57,311,238,391,377,102,215,384,52,111,338,135,140,142,312,243,146,183,255,400,217,407,429,188,123,
460
277,297,316,42,452,389,60,387,375,315,211,217,100,193,282,17,162,268,254,352,257,89,184,161,253,255,317,245,220,193,76,446,279,8,326,457,174,333,125,1,26,25,297,263,417,360,128,301,30,97,209,269,412,387,454,297,286,39,381,254,35,101,106,320,25,297,345,273,100,88,225,27,190,111,283,16,444,308,221,213,329,27,287,433,293,326,382,121,367,73,76,393,444,275,455,434,453,439,129,428,78,249,175,98,58,431,172,172,440,257,174,148,101,131,360,238,186,428,33,62,394,380,113,251,423,234,428,61,263,241,257,460,139,98,404,157,0,175,160,346,133,14,392,108,447,194,201,455,143,396,119,104,287,53,126,57,288,80,197,205,218,433,309,226,55,137,222,185,436,146,88,326,77,412,189,405,219,320,61,329,14,408,77,15,354,228,114,242,293,352,227,450,206,325,434,86,394,59,135,167,155,142,115,188,161,113,360,231,66,361,321,278,405,412,118,225,112,147,397,143,254,172,24,104,340,251,427,286,326,440,292,65,60,48,161,36,202,32,273,32,349,407,33,44,415,245,387,37,426,239,63,225,96,333,416,299,406,306,41,85,111,401,326,282,13,393,41,14,225,420,74,68,52,186,280,392,282,457,95,264,164,105,422,339,327,92,228,432,308,385,19,344,260,0,204,166,167,257,272,156,206,197,185,53,457,450,425,389,75,197,218,237,441,260,174,128,290,34,72,54,248,132,144,207,186,49,353,303,66,154,22,418,368,4,183,28,353,233,15,28,155,196,328,346,102,363,118,21,310,3,411,431,174,120,63,111,188,129,418,25,28,278,111,179,364,440,10,172,236,123,90,230,259,200,297,456,130,307,276,32,175,276,183,0,177,144,268,364,96,134,172,274,4,161,131,313,171,391,380,230,329,404,103,362,66,181,393,154,337,119,77,131,427,93,316,119,2,101,455,152,329,323,396,290,63,125,258,50,283,133,376,85,275,178,197,127,409,4,164,112,400,409,416,324,202,142,122,50,36,245,422,329,153,147,155,453,81,346,65,90,
480
343,306,306,456,420,237,324,100,344,313,77,65,296,324,348,431,478,383,462,240,386,53,89,289,418,245,226,130,285,457,376,479,278,189,175,241,7,3,322,322,409,287,99,158,221,202,49,128,304,369,259,390,416,255,82,17,397,283,376,427,249,55,156,458,414,218,82,44,48,252,194,150,269,250,17,306,169,357,21,262,144,453,65,310,202,363,243,33,272,1,252,117,155,120,44,381,61,433,185,104,412,278,278,139,274,78,290,392,12,170,398,64,210,386,235,466,356,39,368,266,303,303,413,465,314,140,439,81,114,154,144,6,98,66,256,34,170,286,294,180,77,288,120,64,292,260,106,257,106,344,235,241,282,26,299,132,443,207,311,379,480,244,32,224,89,240,197,150,448,388,431,431,145,373,171,349,247,318,8,51,79,421,453,257,362,9,300,449,131,250,85,40,360,470,391,120,71,330,356,99,143,416,395,263,362,298,311,134,137,187,270,50,326,304,63,123,88,434,238,152,190,475,57,236,49,238,267,275,470,182,282,396,96,139,91,396,144,324,154,343,215,250,197,169,426,315,241,189,223,66,301,194,291,268,226,211,413,238,428,7,331,52,420,234,117,22,350,387,44,359,146,292,444,349,435,434,371,117,406,318,266,117,361,234,229,130,282,354,104,462,148,49,228,89,191,404,419,129,478,233,250,46,104,174,88,372,417,37,15,254,270,225,29,192,292,109,135,126,434,475,188,15,203,435,205,456,73,269,427,210,300,187,415,421,147,420,109,170,150,381,385,134,85,260,171,345,344,253,413,8,83,95,338,453,241,118,143,65,161,466,47,290,320,113,218,145,162,461,276,415,220,41,311,234,118,239,321,143,396,0,169,63,472,362,155,417,113,413,124,89,222,226,81,455,309,222,460,243,271,298,187,109,475,321,373,295,118,378,418,427,210,329,21,270,53,167,252,42,242,303,189,234,365,291,84,211,216,204,74,389,462,253,351,172,422,239,59,371,62,7,353,362,221,156,93,226,205,431,348,349,281,432,27,476,238,424,83,210,267,23,392,261,106,3,197,415,343,128,472,82,251,206,156,112,151,165,328,456,306,361,
500
427,83,242,78,499,15,417,377,45,15,485,219,457,177,166,11,46,113,30,439,107,24,494,125,34,462,35,65,267,256,345,26,36,161,270,268,227,65,296,304,52,151,260,469,242,329,215,482,214,432,132,293,491,2,430,295,212,308,123,165,19,429,7,152,295,274,82,28,369,330,464,140,87,432,325,487,305,348,149,27,321,335,157,165,213,81,161,56,239,451,449,219,448,145,208,254,246,3,416,39,286,356,348,54,205,499,310,150,211,25,188,233,490,237,77,350,434,269,61,256,205,290,184,222,189,233,43,241,53,429,398,431,78,461,139,287,110,403,297,76,208,372,248,325,145,401,441,319,211,381,298,284,358,316,178,246,107,460,243,483,166,499,137,173,292,392,264,314,74,407,499,222,59,298,291,138,467,2,93,195,178,211,42,241,245,119,27,74,180,478,145,260,454,494,339,495,10,228,204,238,207,224,69,84,147,479,110,151,462,477,46,221,45,19,491,100,417,406,206,443,313,232,466,484,118,465,434,334,38,403,480,65,128,166,1,346,329,179,193,475,396,366,173,195,97,120,251,346,36,290,345,136,63,126,183,36,447,214,62,158,254,492,438,46,211,83,279,36,52,87,442,31,163,40,128,90,428,265,81,118,417,253,298,72,190,115,195,377,273,81,499,286,124,354,181,62,141,256,291,139,135,145,200,388,369,351,279,203,68,440,90,147,467,389,109,193,144,32,264,345,317,329,210,278,149,136,143,250,430,252,315,92,231,449,328,265,174,109,256,47,67,11,248,443,404,78,110,111,439,80,278,401,254,486,49,348,77,221,257,43,279,199,191,226,304,2,39,85,339,93,475,97,187,19,5,23,154,395,147,423,183,231,212,413,232,50,75,49,201,56,332,76,394,24,152,255,14,350,75,435,463,367,1,274,445,417,462,432,189,118,75,96,114,383,18,138,181,451,185,127,121,455,165,488,479,441,52,358,454,38,335,16,171,233,411,359,340,251,198,344,441,448,499,301,365,157,298,18,461,486,324,193,193,190,330,380,233,153,419,416,149,79,39,357,259,169,100,478,115,377,488,48,423,334,395,26,115,110,236,286,172,22,245,260,197,289,12,203,146,307,215,37,161,68,122,500,232,425,120,137,
520
28,407,295,453,456,300,453,293,67,144,166,387,414,281,488,308,18,505,157,333,184,125,513,469,22,59,273,66,279,15,312,83,179,11,490,468,364,128,371,142,114,234,76,119,80,137,462,42,332,163,17,354,463,309,233,478,173,501,290,20,488,480,442,233,365,101,41,132,311,28,185,2,162,120,169,159,366,499,510,307,390,392,166,322,343,248,475,441,249,514,106,435,29,64,148,48,435,400,213,457,4,73,514,261,124,149,217,391,297,4,422,158,215,73,328,191,370,174,128,214,119,154,333,278,293,18,92,181,173,154,447,273,203,428,377,74,401,316,448,265,111,182,216,420,22,274,231,220,151,276,475,309,89,81,124,35,155,8,262,391,318,262,94,104,122,484,122,456,5,296,244,418,55,182,236,256,11,59,488,328,113,328,520,369,124,95,391,118,215,122,144,381,15,89,247,336,463,348,463,473,213,309,303,463,488,100,151,319,512,39,452,213,414,173,240,84,420,501,234,250,438,383,416,252,124,202,8,214,365,373,436,414,313,31,160,454,274,326,500,445,69,21,253,316,78,252,373,516,434,511,108,149,477,230,233,490,430,155,92,254,447,403,441,263,318,494,501,241,28,104,214,292,324,421,353,358,41,437,289,207,336,402,458,498,138,352,24,385,283,76,397,366,96,159,142,82,194,86,246,462,160,296,456,168,35,294,355,278,103,20,391,472,196,100,23,96,293,358,372,148,432,220,338,403,451,50,441,413,453,255,292,26,36,202,290,255,295,181,25,136,513,44,133,235,50,23,447,162,298,160,358,399,506,497,287,50,353,208,491,120,124,271,69,94,193,445,193,102,51,280,114,458,354,12,18,213,138,351,1,476,277,20,295,333,130,486,381,441,392,13,247,347,15,35,95,7,517,376,9,88,1,320,511,29,443,249,40,395,139,173,182,5,493,412,143,203,63,426,223,63,194,378,39,449,175,10,74,202,456,383,371,262,319,199,178,277,276,251,85,216,108,382,404,411,263,100,517,303,145,25,150,397,403,106,167,202,484,396,135,124,98,430,249,388,446,93,115,493,211,60,514,124,86,386,139,164,318,281,94,455,434,431,376,485,379,437,406,393,53,443,161,137,470,178,467,469,238,489,294,495,49,407,414,65,64,203,232,481,251,290,337,129,43,201,397,153,281,475,488,91,
540
237,130,365,518,157,343,7,36,82,507,349,203,223,402,95,496,501,103,164,109,210,342,498,222,487,101,321,29,209,84,73,42,268,367,254,510,401,494,142,220,466,249,66,537,172,337,338,384,182,349,155,455,516,89,369,60,310,277,485,337,228,200,466,259,282,123,234,38,459,389,259,252,35,522,430,155,133,265,86,327,143,262,140,335,45,182,439,389,311,310,59,292,333,100,283,348,50,266,131,421,92,112,90,470,496,63,475,146,432,97,408,380,313,486,343,16,50,30,509,476,40,265,232,531,171,230,502,461,97,425,385,442,465,128,403,341,516,116,228,143,455,308,283,329,310,186,207,443,477,217,180,537,320,379,374,274,338,431,262,411,128,393,379,425,307,209,187,496,235,533,306,409,286,450,17,408,535,105,186,528,153,522,262,253,244,310,493,407,367,245,53,495,504,187,182,160,53,286,264,384,236,135,403,176,103,440,380,33,26,295,434,209,201,98,73,464,359,512,412,455,87,160,481,408,180,344,40,9,267,39,425,262,149,386,373,453,150,41,175,78,420,514,335,137,355,139,157,90,461,488,402,120,4,218,429,206,319,292,32,501,140,327,517,525,233,197,488,23,243,390,459,126,70,386,77,390,483,491,312,318,413,327,110,356,21,365,3,477,105,293,131,357,455,44,14,99,201,323,129,493,26,64,525,398,230,135,461,3,492,130,379,380,369,462,351,169,376,517,41,211,475,401,163,40,426,137,257,48,455,427,88,79,511,86,157,218,174,275,320,469,89,520,394,502,213,270,127,161,49,223,490,228,158,447,434,322,296,217,299,55,204,275,189,147,68,242,339,76,462,109,483,54,157,388,148,176,271,446,259,31,162,397,139,227,23,467,505,292,536,159,526,498,90,7,528,468,374,428,395,540,325,248,153,355,414,238,394,382,477,107,218,334,291,42,139,537,82,161,511,328,23,427,42,9,437,480,247,414,60,367,250,278,532,202,248,294,306,500,499,299,137,144,539,272,112,536,203,357,509,15,98,398,100,413,448,174,354,281,430,132,336,243,345,92,126,368,103,246,39,118,220,115,474,480,49,305,418,76,21,163,455,124,80,442,469,377,75,179,154,180,508,133,332,385,323,184,100,380,460,391,120,373,409,284,369,156,343,100,538,501,328,64,360,67,341,176,396,155,316,417,72,21,456,160,153,524,403,458,364,419,246,161,382,171,135,325,391,107,489,153,
560
13,137,236,126,239,199,462,192,175,279,263,477,194,494,238,70,344,58,212,238,125,206,66,444,528,282,89,381,301,197,539,559,335,350,282,477,462,34,279,510,115,480,236,530,343,366,319,143,3,427,463,313,355,491,82,513,430,490,437,13,505,263,303,217,58,258,391,428,543,484,295,476,491,513,68,502,545,187,352,126,361,295,182,103,362,475,220,534,390,254,152,29,280,339,371,97,504,355,517,552,476,168,192,283,119,534,347,413,540,121,236,516,79,63,137,114,480,505,210,452,143,243,184,343,171,73,346,253,354,115,250,91,138,15,210,342,9,46,523,320,215,119,406,461,436,257,349,443,127,180,356,182,337,55,401,263,383,364,7,236,137,429,40,363,429,473,315,348,493,25,118,242,310,162,105,275,392,60,482,157,362,463,67,351,377,70,166,371,42,116,8,293,538,432,72,312,381,251,383,491,360,456,139,61,47,378,506,288,41,385,369,498,252,162,7,229,499,417,49,3,8,244,174,101,327,108,250,69,475,229,168,113,102,240,549,177,294,512,416,52,302,378,436,275,193,336,50,198,118,306,108,34,103,519,5,221,460,560,444,234,465,495,304,324,382,509,251,377,241,321,286,378,508,345,297,357,502,4,336,93,141,92,286,489,361,311,32,386,134,135,378,58,478,363,289,293,12,467,272,284,77,339,370,213,274,338,80,142,164,557,164,521,339,8,516,212,528,439,290,80,493,327,63,37,466,219,493,536,45,365,183,415,202,314,82,302,419,430,358,160,22,381,371,394,368,409,277,98,360,129,545,261,31,329,457,550,211,530,168,260,216,7,61,27,237,124,504,100,126,290,58,543,35,126,427,393,1,433,490,63,381,63,179,115,178,232,27,320,555,86,503,124,318,152,38,463,290,440,311,101,354,178,236,437,542,332,190,432,485,528,395,535,394,175,346,483,464,60,160,172,150,320,30,292,248,131,285,401,69,125,57,259,127,259,304,321,209,339,7,93,6,397,525,407,460,457,485,225,183,443,259,536,122,177,473,364,166,184,392,74,101,537,470,221,531,549,108,305,548,2,469,125,185,56,46,513,233,448,559,411,365,257,262,29,53,383,235,180,423,323,531,378,4,271,421,413,129,143,295,263,242,146,92,13,463,504,446,339,242,49,220,411,354,328,104,32,50,5,171,485,335,202,149,500,556,119,53,155,559,41,535,15,101,446,45,137,320,167,130,121,382,226,68,26,295,333,300,382,559,395,185,248,460,61,449,368,403,88,73,112,
580
571,123,405,400,136,552,387,463,290,436,293,30,450,370,93,243,477,435,417,508,526,125,298,223,103,70,316,238,211,272,530,31,281,475,124,46,34,106,101,557,131,292,35,185,156,425,40,437,483,273,550,205,184,393,204,49,443,89,323,560,34,439,262,405,340,100,580,73,197,281,315,191,266,256,237,293,341,257,401,178,450,557,502,288,539,21,300,192,27,54,252,271,468,480,428,353,482,367,404,87,418,124,570,241,528,319,396,500,276,483,454,514,40,82,572,470,176,166,531,511,124,451,26,300,477,426,435,233,192,153,378,167,226,142,578,178,59,93,223,42,428,215,304,366,318,356,479,95,172,5,580,556,261,76,481,315,184,79,466,357,389,281,382,203,236,337,302,334,428,405,475,294,539,177,19,526,461,3,11,315,272,43,318,233,312,536,229,280,540,53,49,25,424,138,56,470,408,439,474,297,35,50,575,448,370,506,279,480,132,563,250,461,222,351,129,443,442,252,67,570,90,411,336,423,397,459,504,551,427,389,409,71,372,339,138,359,212,214,281,522,492,121,439,544,393,14,563,538,102,8,427,198,93,435,453,518,90,476,578,270,88,59,369,176,464,173,499,379,162,547,153,64,344,564,108,101,373,49,360,509,308,13,86,203,361,552,285,288,298,174,260,166,203,427,156,403,393,12,60,314,262,504,490,534,159,68,421,306,279,324,322,242,505,410,172,375,439,542,461,513,420,547,480,45,323,436,507,100,40,28,250,88,483,524,483,499,209,511,458,123,124,481,90,170,573,124,394,230,555,407,402,491,170,187,60,199,105,501,488,307,403,156,573,215,263,413,104,133,103,502,568,61,269,442,567,174,576,468,559,358,482,54,59,69,461,12,367,502,474,399,245,365,306,554,26,198,100,301,258,102,399,355,533,92,393,421,161,511,511,170,284,179,178,317,537,210,323,57,220,21,291,223,225,475,231,173,542,116,122,135,119,293,377,33,443,526,216,345,477,542,493,337,151,107,46,301,4,573,438,340,182,390,77,308,160,496,342,337,393,148,293,388,43,74,308,267,162,294,292,12,61,422,144,294,345,521,548,351,476,473,480,354,105,410,173,0,179,486,519,527,533,352,348,215,165,350,413,436,42,215,207,202,52,499,53,285,7,126,559,333,7,26,183,148,5,501,517,468,223,184,449,210,479,535,456,292,164,574,566,6,289,23,160,557,575,472,326,265,57,242,165,340,333,119,168,239,464,27,354,171,175,306,66,152,7,213,263,156,290,286,526,467,95,505,443,332,35,497,477,575,225,356,485,17,433,444,139,464,245,539,
600
512,127,325,400,322,53,314,299,250,0,47,565,501,200,398,131,73,284,560,204,537,509,78,257,550,156,379,227,231,69,384,497,405,53,166,543,444,546,345,391,472,471,76,462,181,561,5,155,383,281,48,408,448,589,378,539,326,3,408,327,137,165,174,26,192,70,582,91,284,384,392,230,34,64,330,288,136,47,501,583,352,416,537,537,263,19,160,512,555,60,476,142,397,559,148,327,153,291,371,371,590,333,258,60,354,446,398,131,485,419,464,213,62,179,529,363,64,464,201,534,403,318,342,81,439,65,92,497,594,196,507,204,58,190,339,563,51,240,395,193,379,551,398,517,306,309,185,69,83,516,148,252,588,431,362,504,502,107,152,211,78,472,61,2,264,69,50,25,513,172,403,332,277,177,121,253,206,476,180,585,488,282,21,549,498,438,219,573,326,17,327,320,63,467,247,379,266,498,315,544,587,357,348,171,509,466,21,29,129,33,120,76,378,446,60,296,80,400,79,209,494,558,73,385,454,112,520,117,534,598,589,509,134,434,413,161,508,52,78,148,240,403,174,517,449,191,550,557,355,579,193,111,126,315,555,122,140,186,80,208,461,388,223,332,228,193,348,449,286,32,489,484,192,202,317,111,321,417,360,501,287,110,531,174,297,100,159,440,381,211,154,368,76,471,374,553,591,558,71,369,337,228,275,454,556,481,466,557,392,15,558,42,294,254,87,331,374,165,526,567,492,142,139,98,393,72,277,265,16,573,84,399,80,417,234,530,423,346,16,565,272,156,92,462,316,201,152,575,269,555,20,69,511,161,115,71,22,325,336,178,542,144,147,323,403,329,510,506,460,167,528,324,129,128,440,514,570,241,190,386,174,504,179,89,452,567,282,374,358,566,369,182,0,191,330,518,214,537,525,272,386,465,214,261,62,433,163,533,373,373,422,161,203,459,42,410,356,420,135,96,593,413,297,443,229,459,155,308,392,513,53,487,549,473,177,565,335,131,259,597,540,312,417,478,286,463,487,476,204,52,536,433,187,312,502,215,191,228,522,333,104,391,32,543,335,284,278,194,585,201,139,19,481,393,491,574,58,299,529,402,147,409,22,28,506,484,258,245,80,434,491,546,359,107,561,477,516,164,36,158,594,174,444,250,107,28,515,27,83,213,544,142,424,376,368,20,332,462,276,277,124,532,506,225,420,478,489,172,63,176,48,143,140,447,3,196,51,68,241,508,115,239,46,114,168,332,559,551,139,109,109,505,111,497,486,342,558,556,158,330,547,599,294,218,436,17,331,303,426,274,4,420,301,479,378,258,559,366,392,410,292,425,412,466,341,10,89,384,291,566,339,76,328,353,597,186,408,503,382,131,
