365
2 
0
4 
0
6 
0
8 
0
10 
0
12 
0
14 
0
16 
0
18 
0
20 
0
22 
0
24 
0
26 
0
28 
0
30 
0
32 
0
34 
0
36 
0
38 
0
40 
0
42 
1
44 
1
46 
1
48 
1
50 
1
52 
1
54 
2
56 
2
58 
2
60 
2
62 
3
64 
3
66 
3
68 
4
70 
4
72 
5
74 
5
76 
5
78 
6
80 
6
82 
7
84 
8
86 
8
88 
9
90 
9
92 
10
94 
11
96 
11
98 
12
100 
13
102 
14
104 
15
106 
15
108 
16
110 
17
112 
18
114 
19
116 
20
118 
22
120 
23
122 
24
124 
25
126 
26
128 
28
130 
29
132 
30
134 
32
136 
33
138 
35
140 
36
142 
38
144 
39
146 
41
148 
43
150 
45
152 
47
154 
48
156 
50
158 
52
160 
54
162 
57
164 
59
166 
61
168 
63
170 
65
172 
68
174 
70
176 
73
178 
75
180 
78
182 
81
184 
83
186 
86
188 
89
190 
91
192 
94
194 
97
196 
100
198 
103
200 
106
202 
110
204 
113
206 
116
208 
121
210 
123
212 
127
214 
130
216 
134
218 
138
220 
142
222 
146
224 
150
226 
154
228 
158
230 
162
232 
167
234 
170
236 
175
238 
179
240 
184
242 
189
244 
194
246 
198
248 
203
250 
208
252 
212
254 
220
256 
223
258 
229
260 
233
262 
238
264 
243
266 
249
268 
254
270 
260
272 
266
274 
272
276 
277
278 
284
280 
291
282 
296
284 
303
286 
309
288 
317
290 
323
292 
330
294 
337
296 
345
298 
351
300 
359
302 
365
304 
373
306 
381
308 
389
310 
395
312 
402
314 
411
316 
419
318 
427
320 
434
322 
444
324 
452
326 
461
328 
470
330 
479
332 
487
334 
496
336 
506
338 
514
340 
523
342 
532
344 
541
346 
551
348 
562
350 
572
352 
582
354 
596
356 
602
358 
613
360 
622
362 
637
364 
643
366 
654
368 
666
370 
678
372 
689
374 
700
376 
714
378 
723
380 
736
382 
755
384 
760
386 
772
388 
791
390 
796
392 
807
394 
818
396 
831
398 
843
400 
855
402 
869
404 
881
406 
895
408 
908
410 
921
412 
934
414 
948
416 
965
418 
982
420 
989
422 
1003
424 
1018
426 
1033
428 
1046
430 
1062
432 
1080
434 
1091
436 
1108
438 
1122
440 
1139
442 
1153
444 
1168
446 
1192
448 
1202
450 
1221
452 
1233
454 
1249
456 
1266
458 
1281
460 
1299
462 
1315
464 
1332
466 
1360
468 
1371
470 
1385
472 
1403
474 
1420
476 
1436
478 
1456
480 
1489
482 
1490
484 
1516
486 
1530
488 
1547
490 
1567
492 
1591
494 
1607
496 
1628
498 
1651
500 
1668
502 
1693
504 
1709
506 
1737
508 
1752
510 
2292
512 
1792
514 
1821
516 
1832
518 
1856
520 
1880
522 
1897
524 
1922
526 
1943
528 
1966
530 
1999
532 
2009
534 
2032
536 
2052
538 
2076
540 
2097
542 
2125
544 
2171
546 
2170
548 
2194
550 
2215
552 
2240
554 
2266
556 
2284
558 
2309
560 
2335
562 
2359
564 
2387
566 
2406
568 
2433
570 
2459
572 
2492
574 
2536
576 
2537
578 
2578
580 
2593
582 
2613
584 
2648
586 
2673
588 
2701
590 
2727
592 
2759
594 
2790
596 
2822
598 
2841
600 
2870
602 
2908
604 
2926
606 
2964
608 
3002
610 
3018
612 
3039
614 
3078
616 
3105
618 
3137
620 
3165
622 
3197
624 
3230
626 
3261
628 
3328
630 
3325
632 
3355
634 
3388
636 
3424
638 
3499
640 
3489
642 
3520
644 
3552
646 
3591
648 
3623
650 
3653
652 
3696
654 
3718
656 
3765
658 
3804
660 
3858
662 
3871
664 
3929
666 
3941
668 
3971
670 
4020
672 
4060
674 
4082
676 
4128
678 
4152
680 
4194
682 
4222
684 
4272
686 
4299
688 
4337
690 
4375
692 
4414
694 
4460
696 
4502
698 
4529
700 
4598
702 
4660
704 
4652
706 
4720
708 
4754
710 
4779
712 
4824
714 
4850
716 
4900
718 
4935
720 
4989
722 
5023
724 
5069
726 
5116
728 
5190
730 
5187
