365
2 
0
0
0
0
0
0
0
0
0
0
4 
0
0
0
0
0
0
0
0
0
0
6 
0
0
0
0
0
0
0
0
0
0
8 
0
0
0
0
0
0
0
0
0
0
10 
0
0
0
0
0
0
0
0
0
0
12 
0
0
0
0
0
0
0
0
0
0
14 
0
0
0
0
0
0
0
0
0
0
16 
0
0
0
0
0
0
0
0
0
0
18 
0
0
0
0
0
0
0
0
0
0
20 
0
0
0
0
0
0
0
0
0
0
22 
0
0
0
0
0
0
0
0
0
0
24 
0
0
0
0
0
0
0
0
0
0
26 
0
0
0
0
0
0
0
0
0
0
28 
0
0
0
0
0
0
0
0
0
0
30 
0
0
0
0
0
0
0
0
0
0
32 
0
0
0
0
0
0
0
0
0
0
34 
0
0
0
0
0
0
0
0
0
0
36 
0
0
0
0
0
0
0
0
0
0
38 
0
0
0
0
0
0
0
0
0
0
40 
0
0
0
0
0
0
0
0
0
0
42 
0
0
0
0
0
0
0
0
0
0
44 
0
0
0
0
0
0
0
0
0
0
46 
0
0
0
0
0
0
0
0
0
0
48 
1
1
1
1
1
1
1
1
1
1
50 
1
1
1
1
1
1
1
1
1
1
52 
1
1
1
1
1
1
1
1
1
1
54 
1
1
1
1
1
1
1
1
1
1
56 
1
1
1
1
1
1
1
1
1
1
58 
1
1
1
1
1
1
1
1
1
1
60 
2
2
2
2
2
2
2
2
2
2
62 
2
2
2
2
2
2
2
2
2
2
64 
2
2
2
2
2
2
2
2
2
2
66 
2
2
2
2
2
2
2
2
2
2
68 
2
2
2
2
2
2
2
2
2
2
70 
3
3
3
3
3
3
3
3
3
3
72 
3
3
3
3
3
3
3
3
3
3
74 
3
3
3
3
3
3
3
3
3
3
76 
4
4
4
4
4
4
4
4
4
4
78 
4
4
4
4
4
4
4
4
4
4
80 
4
4
4
4
4
4
4
4
4
4
82 
5
5
5
5
5
5
5
5
5
5
84 
5
5
5
5
5
5
5
5
5
5
86 
5
5
5
5
5
5
5
5
5
5
88 
6
6
6
6
6
6
6
6
6
6
90 
6
6
6
6
6
6
6
6
6
6
92 
7
7
7
7
7
7
7
7
7
7
94 
7
7
7
7
7
7
7
7
7
7
96 
7
7
8
7
8
8
7
8
8
8
98 
8
8
8
8
8
8
8
8
8
8
100 
9
9
9
9
9
9
9
9
9
9
102 
9
9
9
9
9
9
9
9
9
9
104 
10
10
10
10
10
10
10
10
10
10
106 
10
10
10
10
10
10
10
10
10
10
108 
11
11
11
11
11
11
11
11
11
11
110 
11
11
11
11
11
11
11
11
11
11
112 
12
12
12
12
12
12
12
12
12
12
114 
13
13
13
13
13
13
13
13
13
13
116 
13
13
13
13
13
13
14
14
14
13
118 
14
14
14
14
14
14
14
14
14
14
120 
15
15
15
15
15
15
15
15
15
15
122 
16
16
16
16
16
16
16
16
16
16
124 
17
17
17
16
17
16
17
17
17
17
126 
17
17
17
17
17
17
17
17
17
17
128 
18
18
18
18
18
18
18
18
18
18
130 
19
19
19
19
19
19
19
19
19
19
132 
20
20
20
20
20
20
20
20
20
20
134 
21
21
21
21
21
21
21
21
21
21
136 
22
22
22
22
22
22
22
22
22
22
138 
23
23
23
23
23
23
23
23
23
23
140 
24
24
24
24
24
24
24
24
24
24
142 
25
25
25
25
25
25
25
25
25
25
144 
26
26
26
26
26
26
26
26
26
26
146 
27
27
27
27
27
27
27
27
27
27
148 
28
28
28
28
28
28
28
28
28
28
150 
29
29
29
29
29
29
29
29
29
29
152 
31
31
30
31
30
31
31
30
31
31
154 
32
32
32
32
32
32
32
32
32
32
156 
33
33
33
33
33
33
33
33
33
33
158 
34
34
34
34
34
34
34
34
34
34
160 
36
36
36
36
36
36
36
36
36
36
162 
37
37
37
37
37
37
37
37
37
37
164 
38
38
38
38
38
38
38
38
38
38
166 
40
40
40
40
40
40
40
40
40
40
168 
41
41
41
41
41
41
41
41
41
41
170 
43
43
43
43
43
43
43
43
43
43
172 
44
44
44
44
44
44
44
44
44
44
174 
46
46
46
46
46
46
46
46
46
46
176 
47
47
47
47
47
47
47
47
47
47
178 
49
49
49
49
49
49
49
49
49
49
180 
51
51
51
51
51
51
51
51
51
51
182 
52
52
52
52
52
52
52
52
52
52
184 
54
54
54
54
54
54
54
54
54
54
186 
56
56
56
56
56
56
56
56
56
56
188 
58
58
58
58
58
58
58
58
58
58
190 
60
60
60
60
59
59
60
60
60
59
192 
61
61
61
61
61
61
61
61
61
61
194 
63
63
63
63
63
63
63
63
63
63
196 
65
65
65
65
65
65
65
65
65
65
198 
68
68
68
68
68
68
68
68
67
67
200 
70
70
70
70
69
70
69
70
69
69
202 
72
72
72
72
72
72
72
72
72
72
204 
74
74
74
74
74
74
74
74
74
74
206 
76
76
76
76
76
76
76
76
76
76
208 
78
78
78
78
78
78
78
78
78
78
210 
80
80
81
81
81
80
81
80
81
80
212 
83
83
83
83
83
83
83
83
83
83
214 
85
85
85
85
85
85
85
85
85
85
216 
88
88
88
87
87
88
88
88
88
88
218 
90
90
90
90
90
90
90
90
90
90
220 
92
92
92
92
92
92
92
92
92
92
222 
95
95
95
95
95
95
95
95
95
95
224 
98
98
98
97
98
98
98
98
97
97
226 
100
100
100
100
100
100
100
100
100
100
228 
103
103
103
103
103
103
103
103
103
103
230 
106
105
106
105
105
105
105
105
105
105
232 
108
108
108
108
108
108
108
108
108
108
234 
111
111
111
111
111
111
111
111
111
111
236 
114
114
114
114
114
114
114
114
114
114
238 
117
117
117
117
117
117
117
117
117
117
240 
120
120
120
120
120
120
120
120
120
120
242 
123
123
123
123
123
123
123
123
123
123
244 
126
126
126
126
126
126
126
126
126
126
246 
129
129
129
129
129
129
129
129
129
129
248 
132
132
132
132
132
132
132
132
132
132
250 
135
135
135
135
135
135
135
135
135
135
252 
139
139
139
139
138
138
139
139
139
138
254 
142
142
142
142
142
142
142
142
142
142
256 
145
145
145
145
145
145
145
145
145
145
258 
148
148
148
148
148
148
148
148
148
148
260 
152
152
152
152
152
152
152
152
152
152
262 
155
155
155
155
155
155
155
155
155
155
264 
159
159
159
159
159
159
159
159
159
159
266 
163
163
163
163
163
163
163
163
163
162
268 
166
167
166
166
166
167
166
166
166
166
270 
170
170
170
170
170
170
170
170
170
170
272 
174
174
174
174
174
174
174
174
174
174
274 
178
177
177
177
177
177
177
177
177
177
276 
181
181
181
181
181
181
181
181
181
181
278 
185
185
185
185
185
185
185
185
185
185
280 
189
189
189
189
189
189
189
189
189
189
282 
193
193
193
193
193
193
193
193
193
193
284 
197
197
197
197
197
197
197
197
197
197
286 
201
201
201
201
201
201
201
201
201
201
288 
206
206
206
206
206
206
206
206
206
206
290 
210
210
210
210
210
210
210
210
210
210
292 
214
214
214
214
214
214
214
214
214
214
294 
219
219
219
219
219
219
219
219
219
219
296 
223
223
223
223
223
223
223
224
223
224
298 
228
228
228
228
228
228
228
228
228
228
300 
233
233
233
233
232
233
233
233
233
233
302 
237
237
237
237
237
237
237
237
237
237
304 
242
242
242
242
242
242
242
242
242
242
306 
247
247
247
247
247
247
247
247
247
247
308 
252
252
252
252
252
252
252
252
252
252
310 
256
256
256
256
257
256
256
257
256
256
312 
262
261
261
262
261
262
261
261
261
261
314 
266
266
266
266
266
266
266
266
266
266
316 
271
271
271
272
272
271
272
272
271
272
318 
277
277
277
277
277
277
277
277
277
277
320 
282
282
282
282
282
282
282
282
282
282
322 
287
287
287
287
287
287
287
287
287
287
324 
293
293
293
293
293
293
293
293
293
292
326 
298
298
298
298
298
298
298
298
298
298
328 
303
303
303
303
303
303
303
303
303
303
330 
309
309
309
309
309
309
309
309
309
309
332 
315
315
315
315
315
315
315
315
315
315
334 
320
320
320
321
320
320
320
320
320
320
336 
326
326
326
326
326
326
326
326
326
326
338 
332
332
332
332
332
332
332
332
332
332
340 
338
338
338
338
338
338
338
338
338
338
342 
344
344
344
344
344
344
344
344
344
344
344 
350
350
350
350
350
350
350
350
350
350
346 
356
356
356
356
356
356
356
356
356
356
348 
362
362
362
362
362
362
362
362
362
362
350 
368
368
368
368
368
368
368
368
368
368
352 
375
375
375
375
375
375
375
375
375
375
354 
381
381
381
381
381
381
381
381
381
381
356 
387
387
387
387
388
387
387
388
387
388
358 
395
394
395
394
394
394
394
395
394
394
360 
401
401
401
401
401
401
401
401
401
401
362 
408
408
408
408
408
408
408
408
408
408
364 
414
414
414
414
414
414
414
414
414
414
366 
421
421
421
421
421
421
421
421
421
421
368 
428
428
428
428
428
428
428
428
428
428
370 
436
435
435
435
435
435
435
435
435
435
372 
442
442
442
442
442
442
442
442
442
442
374 
449
449
449
449
449
449
449
449
449
449
376 
456
456
457
457
457
456
457
456
456
457
378 
464
464
464
464
464
464
464
464
464
464
380 
471
471
471
471
471
471
471
471
471
471
382 
479
479
479
479
479
479
479
479
479
478
384 
486
486
486
486
486
486
486
486
487
486
386 
494
494
494
494
494
494
494
494
494
493
388 
501
501
501
501
501
501
501
501
501
501
390 
509
509
509
509
509
509
509
509
509
509
392 
517
517
517
517
517
517
517
517
517
517
394 
525
525
525
525
525
525
525
525
525
525
396 
533
533
533
533
533
533
533
533
533
533
398 
541
541
541
541
541
541
541
541
541
541
400 
549
549
549
549
549
549
549
549
549
549
402 
557
557
557
557
557
557
557
557
557
557
404 
566
566
566
566
565
566
565
566
566
565
406 
574
574
574
574
574
574
574
574
574
574
408 
583
583
583
583
583
583
583
583
583
583
410 
591
591
591
591
591
591
591
591
591
591
412 
599
600
599
600
600
599
600
599
600
600
414 
608
608
608
608
608
608
608
608
608
608
416 
617
617
617
617
617
617
617
617
617
617
418 
626
626
626
626
626
626
626
626
626
626
420 
635
635
635
635
635
635
635
635
635
635
422 
644
644
644
644
644
644
644
644
644
644
424 
653
653
653
653
654
654
654
654
654
654
426 
663
663
663
663
663
663
664
664
664
664
428 
673
673
673
673
672
672
672
672
672
672
430 
681
681
681
681
681
681
681
681
682
681
432 
691
691
691
691
691
691
691
691
691
691
434 
701
701
701
700
701
701
701
700
701
701
436 
710
710
710
710
710
710
710
710
710
710
438 
720
720
720
720
720
720
720
720
720
720
440 
730
730
730
730
730
730
730
730
730
730
442 
740
740
740
740
740
740
740
740
740
740
444 
750
751
751
751
751
751
751
751
750
750
446 
760
760
760
760
760
760
760
760
760
760
448 
770
770
770
770
770
770
770
770
770
770
450 
780
780
780
780
780
780
780
780
780
780
452 
791
791
791
791
791
791
791
791
791
791
454 
801
801
801
801
801
801
801
801
801
801
456 
812
812
812
812
812
812
812
812
813
812
458 
824
824
823
823
823
823
823
824
824
824
460 
834
835
835
835
834
834
834
834
834
834
462 
844
844
844
845
845
845
844
844
844
844
464 
855
855
855
855
855
855
855
856
855
855
466 
867
867
867
867
867
867
867
867
867
867
468 
878
878
878
878
878
878
878
878
878
878
470 
889
889
889
889
889
889
889
889
889
889
472 
900
900
900
900
900
900
900
901
901
901
474 
913
913
912
912
912
912
912
912
912
912
476 
923
923
923
923
923
923
923
923
923
923
478 
935
935
935
935
935
935
935
935
935
935
480 
947
947
947
947
947
947
947
947
947
947
482 
958
958
958
958
958
958
958
958
958
958
484 
970
970
970
971
971
971
971
970
970
970
486 
982
983
983
983
983
983
982
982
982
982
488 
994
994
994
994
994
994
995
995
995
995
490 
1007
1007
1007
1007
1007
1007
1007
1007
1007
1007
492 
1019
1019
1019
1019
1019
1019
1019
1019
1019
1019
494 
1032
1032
1032
1032
1032
1032
1032
1032
1032
1032
496 
1044
1044
1044
1044
1044
1044
1044
1044
1044
1044
498 
1059
1058
1058
1058
1058
1057
1057
1057
1057
1057
500 
1070
1069
1070
1069
1069
1069
1070
1070
1070
1069
502 
1082
1082
1082
1082
1082
1082
1082
1082
1082
1082
504 
1095
1095
1095
1095
1095
1095
1095
1096
1095
1095
506 
1108
1108
1108
1108
1108
1108
1108
1108
1109
1109
508 
1122
1122
1121
1121
1121
1122
1123
1123
1123
1122
510 
1149
1149
1149
1150
1150
1150
1150
1149
1149
1149
512 
1148
1148
1148
1148
1148
1148
1148
1148
1148
1148
514 
1162
1162
1162
1162
1162
1162
1162
1162
1162
1162
516 
1176
1176
1176
1176
1176
1176
1176
1176
1176
1176
518 
1190
1190
1190
1190
1190
1190
1190
1191
1191
1191
520 
1205
1204
1204
1204
1204
1204
1204
1204
1204
1204
522 
1218
1218
1218
1218
1218
1218
1218
1218
1218
1218
524 
1232
1232
1232
1232
1232
1232
1232
1232
1232
1232
526 
1246
1246
1246
1246
1246
1246
1246
1246
1246
1246
528 
1261
1261
1260
1260
1260
1260
1261
1261
1261
1261
530 
1274
1274
1274
1274
1274
1274
1274
1274
1274
1274
532 
1288
1288
1288
1289
1288
1288
1288
1288
1288
1288
534 
1303
1303
1303
1303
1303
1303
1303
1303
1303
1303
536 
1318
1318
1317
1318
1318
1317
1317
1317
1318
1318
538 
1332
1332
1334
1334
1334
1334
1332
1332
1332
1332
540 
1347
1347
1347
1347
1347
1347
1347
1347
1347
1347
542 
1362
1362
1362
1362
1362
1362
1362
1362
1362
1362
544 
1377
1377
1377
1377
1377
1377
1377
1377
1377
1377
546 
1392
1393
1393
1392
1392
1392
1394
1394
1393
1394
548 
1407
1407
1407
1407
1407
1407
1407
1407
1407
1407
550 
1423
1423
1423
1423
1423
1423
1423
1423
1423
1423
552 
1439
1439
1439
1439
1439
1439
1439
1439
1439
1439
554 
1455
1455
1454
1455
1455
1455
1455
1454
1456
1456
556 
1472
1471
1470
1470
1470
1470
1470
1470
1470
1470
558 
1486
1486
1486
1486
1486
1486
1486
1486
1486
1486
560 
1502
1502
1502
1502
1502
1502
1502
1502
1502
1502
562 
1518
1518
1518
1519
1518
1519
1518
1518
1519
1520
564 
1536
1536
1534
1534
1534
1534
1534
1534
1534
1534
566 
1550
1550
1550
1550
1550
1550
1550
1550
1550
1550
568 
1567
1567
1566
1567
1567
1567
1567
1566
1567
1566
570 
1583
1583
1583
1583
1583
1583
1583
1585
1585
1585
572 
1600
1600
1600
1600
1600
1600
1600
1600
1600
1600
574 
1617
1617
1617
1617
1616
1617
1617
1617
1617
1617
576 
1633
1633
1633
1633
1633
1633
1633
1633
1633
1634
578 
1651
1651
1650
1650
1652
1652
1652
1651
1650
1650
580 
1667
1667
1667
1667
1667
1667
1667
1667
1667
1667
582 
1685
1685
1685
1685
1685
1685
1685
1685
1685
1685
584 
1703
1703
1702
1703
1703
1703
1703
1703
1703
1703
586 
1722
1722
1722
1720
1720
1720
1720
1720
1720
1720
588 
1737
1738
1738
1738
1738
1738
1737
1738
1738
1738
590 
1755
1755
1755
1755
1755
1755
1755
1755
1755
1755
592 
1774
1774
1773
1773
1775
1775
1775
1773
1773
1773
594 
1791
1791
1791
1791
1791
1791
1791
1791
1791
1791
596 
1809
1809
1809
1809
1809
1809
1809
1809
1809
1809
598 
1827
1827
1827
1827
1827
1827
1827
1828
1830
1829
600 
1846
1845
1845
1845
1845
1845
1845
1845
1845
1845
602 
1864
1864
1864
1864
1864
1864
1864
1864
1864
1864
604 
1882
1882
1882
1882
1882
1883
1883
1883
1882
1883
606 
1903
1903
1902
1901
1901
1901
1901
1901
1901
1901
608 
1919
1920
1920
1920
1920
1920
1920
1920
1920
1920
610 
1939
1938
1939
1939
1938
1939
1939
1939
1939
1938
612 
1957
1960
1960
1959
1957
1957
1957
1957
1957
1957
614 
1977
1977
1977
1977
1977
1977
1977
1977
1977
1977
616 
1997
1997
1997
1997
1997
1997
1997
1998
1998
1997
618 
2016
2018
2019
2018
2016
2016
2016
2016
2016
2016
620 
2036
2036
2036
2036
2036
2036
2036
2036
2036
2036
622 
2055
2055
2055
2055
2055
2055
2055
2055
2055
2055
624 
2076
2077
2078
2075
2075
2075
2075
2075
2075
2075
626 
2095
2095
2095
2095
2095
2095
2095
2095
2095
2095
628 
2115
2115
2115
2115
2115
2115
2116
2116
2115
2117
630 
2138
2137
2135
2135
2135
2135
2135
2135
2135
2135
632 
2155
2155
2155
2155
2155
2155
2155
2155
2155
2155
634 
2176
2176
2176
2176
2176
2176
2176
2178
2178
2177
636 
2196
2196
2196
2196
2196
2196
2196
2196
2196
2196
638 
2218
2219
2218
2218
2218
2218
2218
2218
2219
2218
640 
2238
2239
2238
2238
2239
2240
2239
2238
2238
2238
642 
2259
2259
2259
2259
2259
2259
2258
2258
2258
2258
644 
2279
2279
2279
2279
2279
2279
2280
2279
2279
2279
646 
2302
2304
2304
2302
2301
2301
2301
2301
2301
2301
648 
2323
2323
2323
2323
2323
2323
2323
2323
2323
2323
650 
2345
2344
2345
2345
2346
2345
2345
2347
2347
2344
652 
2366
2366
2366
2366
2366
2366
2366
2366
2366
2366
654 
2387
2388
2388
2388
2388
2388
2388
2388
2388
2388
656 
2409
2410
2413
2412
2410
2410
2410
2409
2410
2410
658 
2431
2432
2431
2431
2432
2431
2432
2432
2432
2432
660 
2454
2453
2454
2454
2455
2454
2455
2457
2456
2454
662 
2476
2475
2476
2476
2476
2476
2476
2476
2476
2476
664 
2498
2498
2498
2498
2498
2498
2498
2498
2498
2498
666 
2521
2523
2523
2521
2520
2521
2521
2521
2521
2521
668 
2543
2543
2543
2543
2543
2543
2543
2543
2543
2543
670 
2566
2567
2568
2566
2568
2569
2567
2566
2566
2566
672 
2589
2589
2589
2589
2589
2589
2589
2589
2589
2589
674 
2612
2612
2612
2612
2612
2612
2612
2613
2615
2614
676 
2635
2635
2635
2635
2635
2635
2635
2635
2635
2635
678 
2659
2659
2659
2659
2659
2659
2659
2660
2660
2659
680 
2686
2687
2684
2684
2683
2683
2684
2684
2684
2683
682 
2707
2707
2707
2707
2707
2707
2707
2707
2707
2707
684 
2730
2730
2732
2733
2732
2731
2730
2731
2731
2731
686 
2754
2754
2755
2755
2754
2755
2755
2755
2755
2754
688 
2779
2780
2780
2779
2781
2782
2779
2779
2779
2778
690 
2803
2803
2803
2803
2803
2803
2803
2803
2803
2802
692 
2827
2827
2827
2827
2827
2828
2830
2828
2827
2827
694 
2851
2852
2852
2851
2852
2852
2851
2852
2851
2852
696 
2876
2876
2876
2876
2878
2876
2877
2879
2877
2876
698 
2900
2900
2900
2900
2900
2900
2900
2900
2900
2900
700 
2925
2926
2925
2925
2925
2925
2925
2928
2928
2925
702 
2950
2951
2951
2951
2951
2951
2951
2951
2951
2951
704 
2975
2976
2976
2975
2975
2978
2976
2977
2979
2976
706 
3001
3001
3001
3001
3001
3001
3001
3001
3001
3001
708 
3026
3026
3026
3026
3026
3026
3026
3028
3030
3027
710 
3052
3052
3052
3052
3053
3052
3052
3052
3052
3052
712 
3079
3079
3079
3079
3079
3081
3079
3082
3082
3079
714 
3104
3104
3104
3104
3104
3105
3105
3104
3105
3105
716 
3130
3131
3131
3130
3130
3130
3133
3134
3131
3130
718 
3157
3157
3157
3157
3157
3157
3157
3157
3157
3157
720 
3183
3183
3183
3185
3183
3185
3187
3183
3183
3183
722 
3209
3209
3209
3209
3210
3209
3209
3209
3209
3209
724 
3236
3236
3236
3236
3239
3239
3236
3236
3236
3236
726 
3263
3263
3263
3262
3263
3263
3263
3263
3263
3263
728 
3291
3290
3291
3293
3290
3290
3290
3290
3289
3290
730 
3317
3317
3317
3317
3317
3317
3317
3317
3317
3317
732 
3345
3348
3345
3344
3344
3343
3344
3344
3344
3344
