365
2 
0
4 
0
6 
0
8 
0
10 
0
12 
0
14 
0
16 
0
18 
0
20 
0
22 
0
24 
0
26 
0
28 
0
30 
0
32 
0
34 
0
36 
0
38 
0
40 
0
42 
0
44 
0
46 
0
48 
1
50 
1
52 
1
54 
1
56 
1
58 
1
60 
2
62 
2
64 
2
66 
2
68 
2
70 
3
72 
3
74 
3
76 
4
78 
4
80 
4
82 
5
84 
5
86 
5
88 
6
90 
6
92 
7
94 
7
96 
7
98 
8
100 
9
102 
9
104 
10
106 
10
108 
11
110 
11
112 
12
114 
13
116 
13
118 
14
120 
15
122 
16
124 
16
126 
17
128 
18
130 
19
132 
20
134 
21
136 
22
138 
23
140 
24
142 
25
144 
26
146 
27
148 
28
150 
29
152 
30
154 
32
156 
33
158 
34
160 
36
162 
37
164 
38
166 
40
168 
41
170 
43
172 
44
174 
46
176 
47
178 
49
180 
51
182 
52
184 
54
186 
56
188 
58
190 
59
192 
61
194 
63
196 
65
198 
67
200 
69
202 
72
204 
74
206 
76
208 
78
210 
80
212 
83
214 
85
216 
87
218 
90
220 
92
222 
95
224 
97
226 
100
228 
103
230 
105
232 
108
234 
111
236 
114
238 
117
240 
120
242 
123
244 
126
246 
129
248 
132
250 
135
252 
138
254 
142
256 
145
258 
148
260 
152
262 
155
264 
159
266 
162
268 
166
270 
170
272 
174
274 
177
276 
181
278 
185
280 
189
282 
193
284 
197
286 
201
288 
206
290 
210
292 
214
294 
219
296 
223
298 
228
300 
232
302 
237
304 
242
306 
247
308 
252
310 
256
312 
261
314 
266
316 
271
318 
277
320 
282
322 
287
324 
292
326 
298
328 
303
330 
309
332 
315
334 
320
336 
326
338 
332
340 
338
342 
344
344 
350
346 
356
348 
362
350 
368
352 
375
354 
381
356 
387
358 
394
360 
401
362 
408
364 
414
366 
421
368 
428
370 
435
372 
442
374 
449
376 
456
378 
464
380 
471
382 
478
384 
486
386 
493
388 
501
390 
509
392 
517
394 
525
396 
533
398 
541
400 
549
402 
557
404 
565
406 
574
408 
583
410 
591
412 
599
414 
608
416 
617
418 
626
420 
635
422 
644
424 
653
426 
663
428 
672
430 
681
432 
691
434 
700
436 
710
438 
720
440 
730
442 
740
444 
750
446 
760
448 
770
450 
780
452 
791
454 
801
456 
812
458 
823
460 
834
462 
844
464 
855
466 
867
468 
878
470 
889
472 
900
474 
912
476 
923
478 
935
480 
947
482 
958
484 
970
486 
982
488 
994
490 
1007
492 
1019
494 
1032
496 
1044
498 
1057
500 
1069
502 
1082
504 
1095
506 
1108
508 
1122
510 
1149
512 
1148
514 
1162
516 
1176
518 
1190
520 
1204
522 
1218
524 
1232
526 
1246
528 
1260
530 
1274
532 
1288
534 
1303
536 
1317
538 
1332
540 
1347
542 
1362
544 
1377
546 
1392
548 
1407
550 
1423
552 
1439
554 
1455
556 
1470
558 
1486
560 
1502
562 
1518
564 
1534
566 
1550
568 
1566
570 
1583
572 
1600
574 
1616
576 
1633
578 
1650
580 
1667
582 
1685
584 
1702
586 
1720
588 
1737
590 
1755
592 
1773
594 
1791
596 
1809
598 
1827
600 
1845
602 
1864
604 
1882
606 
1901
608 
1919
610 
1938
612 
1957
614 
1977
616 
1997
618 
2016
620 
2036
622 
2055
624 
2075
626 
2095
628 
2115
630 
2135
632 
2155
634 
2176
636 
2196
638 
2218
640 
2238
642 
2258
644 
2279
646 
2301
648 
2323
650 
2345
652 
2366
654 
2387
656 
2410
658 
2431
660 
2454
662 
2475
664 
2498
666 
2521
668 
2543
670 
2566
672 
2589
674 
2612
676 
2635
678 
2659
680 
2684
682 
2707
684 
2731
686 
2754
688 
2779
690 
2802
692 
2827
694 
2851
696 
2876
698 
2900
700 
2925
702 
2950
704 
2976
706 
3001
708 
3026
710 
3052
712 
3079
714 
3104
716 
3131
718 
3157
720 
3183
722 
3209
724 
3236
726 
3262
728 
3290
730 
3317
