365
2 
0
4 
0
6 
0
8 
0
10 
0
12 
0
14 
0
16 
0
18 
0
20 
0
22 
0
24 
0
26 
0
28 
0
30 
0
32 
0
34 
0
36 
0
38 
0
40 
0
42 
0
44 
1
46 
1
48 
1
50 
1
52 
1
54 
2
56 
2
58 
2
60 
2
62 
3
64 
3
66 
3
68 
3
70 
4
72 
4
74 
5
76 
5
78 
5
80 
6
82 
6
84 
7
86 
7
88 
8
90 
9
92 
9
94 
10
96 
10
98 
11
100 
12
102 
13
104 
13
106 
14
108 
15
110 
16
112 
17
114 
18
116 
19
118 
20
120 
21
122 
22
124 
23
126 
24
128 
25
130 
26
132 
28
134 
29
136 
30
138 
32
140 
33
142 
34
144 
36
146 
37
148 
39
150 
41
152 
42
154 
44
156 
46
158 
48
160 
49
162 
51
164 
53
166 
55
168 
57
170 
59
172 
61
174 
63
176 
66
178 
68
180 
70
182 
73
184 
75
186 
78
188 
80
190 
83
192 
85
194 
88
196 
91
198 
94
200 
96
202 
99
204 
102
206 
105
208 
109
210 
112
212 
115
214 
118
216 
121
218 
125
220 
128
222 
132
224 
135
226 
139
228 
143
230 
146
232 
151
234 
154
236 
158
238 
162
240 
166
242 
170
244 
175
246 
179
248 
183
250 
188
252 
192
254 
199
256 
201
258 
206
260 
211
262 
216
264 
221
266 
226
268 
231
270 
236
272 
241
274 
247
276 
252
278 
258
280 
263
282 
269
284 
274
286 
280
288 
286
290 
292
292 
298
294 
304
296 
311
298 
317
300 
323
302 
330
304 
336
306 
343
308 
350
310 
357
312 
364
314 
370
316 
378
318 
386
320 
392
322 
400
324 
407
326 
415
328 
422
330 
431
332 
438
334 
446
336 
454
338 
462
340 
470
342 
479
344 
487
346 
496
348 
504
350 
513
352 
523
354 
532
356 
540
358 
549
360 
558
362 
569
364 
577
366 
587
368 
596
370 
608
372 
616
374 
627
376 
637
378 
647
380 
657
382 
677
384 
678
386 
690
388 
708
390 
711
392 
722
394 
733
396 
744
398 
756
400 
767
402 
779
404 
791
406 
803
408 
818
410 
827
412 
839
414 
852
416 
871
418 
878
420 
889
422 
902
424 
916
426 
930
428 
941
430 
954
432 
969
434 
982
436 
996
438 
1009
440 
1024
442 
1037
444 
1051
446 
1077
448 
1080
450 
1096
452 
1109
454 
1125
456 
1140
458 
1154
460 
1170
462 
1185
464 
1201
466 
1220
468 
1242
470 
1248
472 
1264
474 
1279
476 
1296
478 
1315
480 
1346
482 
1346
484 
1374
486 
1379
488 
1398
490 
1414
492 
1432
494 
1449
496 
1467
498 
1485
500 
1502
502 
1520
504 
1540
506 
1559
508 
1575
510 
2589
512 
1615
514 
1634
516 
1650
518 
1669
520 
1693
522 
1708
524 
1728
526 
1747
528 
1771
530 
1795
532 
1813
534 
1828
536 
1849
538 
1870
540 
1890
542 
1920
544 
1960
546 
1955
548 
1977
550 
1998
552 
2020
554 
2043
556 
2065
558 
2087
560 
2110
562 
2132
564 
2155
566 
2178
568 
2201
570 
2224
572 
2250
574 
2302
576 
2297
578 
2326
580 
2342
582 
2367
584 
2398
586 
2417
588 
2442
590 
2468
592 
2492
594 
2517
596 
2545
598 
2568
600 
2594
602 
2622
604 
2646
606 
2690
608 
2731
610 
2737
612 
2753
614 
2780
616 
2807
618 
2834
620 
2863
622 
2892
624 
2918
626 
2945
628 
3017
630 
3002
632 
3031
634 
3068
636 
3089
638 
3169
640 
3148
642 
3186
644 
3207
646 
3237
648 
3267
650 
3300
652 
3351
654 
3363
656 
3394
658 
3426
660 
3481
662 
3483
664 
3539
666 
3550
668 
3580
670 
3643
672 
3680
674 
3692
676 
3714
678 
3741
680 
3795
682 
3808
684 
3846
686 
3882
688 
3913
690 
3951
692 
3980
694 
4013
696 
4051
698 
4083
700 
4131
702 
4215
704 
4203
706 
4244
708 
4307
710 
4297
712 
4372
714 
4371
716 
4409
718 
4454
720 
4485
722 
4520
724 
4557
726 
4594
728 
4677
730 
4676
