365
2 
0
0
0
0
0
0
0
0
0
0
4 
0
0
0
0
0
0
0
0
0
0
6 
0
0
0
0
0
0
0
0
0
0
8 
0
0
0
0
0
0
0
0
0
0
10 
0
0
0
0
0
0
0
0
0
0
12 
0
0
0
0
0
0
0
0
0
0
14 
0
0
0
0
0
0
0
0
0
0
16 
0
0
0
0
0
0
0
0
0
0
18 
0
0
0
0
0
0
0
0
0
0
20 
0
0
0
0
0
0
0
0
0
0
22 
0
0
0
0
0
0
0
0
0
0
24 
0
0
0
0
0
0
0
0
0
0
26 
0
0
0
0
0
0
0
0
0
0
28 
0
0
0
0
0
0
0
0
0
0
30 
0
0
0
0
0
0
0
0
0
0
32 
0
0
0
0
0
0
0
0
0
0
34 
0
0
0
0
0
0
0
0
0
0
36 
0
0
0
0
0
0
0
0
0
0
38 
0
0
0
0
0
0
0
0
0
0
40 
0
0
0
0
0
0
0
0
0
0
42 
1
1
1
1
1
1
1
1
1
1
44 
1
1
1
1
1
1
1
1
1
1
46 
1
1
1
1
1
1
1
1
1
1
48 
1
1
1
1
1
1
1
1
1
1
50 
1
1
1
1
1
1
1
1
1
1
52 
2
1
1
1
1
1
1
1
1
1
54 
2
2
2
2
2
2
2
2
2
2
56 
2
2
2
2
2
2
2
2
2
2
58 
2
2
2
2
2
2
2
2
2
2
60 
2
2
3
2
2
2
2
3
2
3
62 
3
3
3
3
3
3
3
3
3
3
64 
3
3
3
3
3
3
3
3
3
3
66 
3
3
3
3
3
3
3
3
3
3
68 
4
4
4
4
4
4
4
4
4
4
70 
4
4
4
4
4
4
4
4
4
4
72 
5
5
5
5
5
5
5
5
5
5
74 
5
5
5
5
5
5
5
5
5
5
76 
5
5
5
5
5
5
5
5
5
5
78 
6
6
6
6
6
6
6
6
6
6
80 
6
6
6
6
6
6
6
6
6
6
82 
7
7
7
7
7
7
7
7
7
7
84 
8
8
8
8
8
8
8
8
8
8
86 
8
8
8
8
8
8
8
8
8
8
88 
9
9
9
9
9
9
9
9
9
9
90 
9
9
9
9
9
9
9
9
9
9
92 
10
10
10
10
10
10
10
10
10
10
94 
11
11
11
11
11
11
11
11
11
11
96 
11
11
11
11
11
11
11
11
11
11
98 
12
12
12
12
12
12
12
12
12
12
100 
13
13
13
13
13
13
13
13
13
13
102 
14
14
14
14
14
14
14
14
14
14
104 
15
15
15
15
15
15
15
15
15
15
106 
15
15
15
15
15
15
15
15
15
15
108 
16
16
16
16
16
16
16
16
16
16
110 
17
17
17
17
17
17
17
17
17
17
112 
18
18
18
18
18
18
18
18
18
18
114 
19
19
19
19
19
19
19
19
19
19
116 
21
21
21
21
21
20
20
20
20
21
118 
22
22
22
22
22
22
22
22
22
22
120 
23
23
23
23
23
23
23
23
23
23
122 
24
24
24
24
24
24
24
24
24
24
124 
25
25
25
25
25
25
25
25
25
25
126 
26
26
26
26
26
26
26
26
26
26
128 
28
28
28
28
28
28
28
28
28
28
130 
29
29
29
29
29
29
29
29
29
29
132 
30
30
30
30
30
30
30
30
30
30
134 
32
32
32
32
32
32
32
32
32
32
136 
33
33
33
33
33
33
33
33
33
33
138 
35
35
35
35
35
35
35
35
35
35
140 
36
36
36
36
36
36
36
36
36
36
142 
38
38
38
38
38
38
38
38
38
38
144 
39
39
39
39
39
39
39
39
39
40
146 
41
41
41
41
41
41
41
41
41
41
148 
43
43
43
43
43
43
43
43
43
43
150 
45
45
45
45
45
45
45
45
45
45
152 
47
47
47
47
47
47
47
47
47
47
154 
49
49
49
49
49
48
48
48
48
48
156 
50
50
50
50
50
50
50
50
50
50
158 
52
52
52
52
52
52
52
52
53
53
160 
54
54
55
55
55
55
55
55
55
55
162 
57
57
57
57
57
57
57
57
57
57
164 
59
59
59
59
59
59
59
59
59
59
166 
61
61
61
61
61
61
61
61
61
61
168 
63
63
63
63
63
63
63
63
63
63
170 
66
66
66
66
66
66
66
66
66
65
172 
68
68
68
68
68
68
68
68
68
68
174 
70
70
70
70
70
70
70
70
70
70
176 
73
73
73
73
73
73
73
73
73
73
178 
75
75
75
75
75
75
75
75
75
75
180 
78
78
78
78
78
78
78
78
78
78
182 
81
81
81
81
81
81
81
81
81
81
184 
83
83
83
83
83
83
83
83
83
83
186 
86
86
86
86
86
86
86
86
86
86
188 
89
89
89
89
89
89
89
89
89
89
190 
92
92
92
92
92
92
92
92
92
91
192 
94
94
94
94
95
95
95
94
94
94
194 
97
97
97
97
97
97
97
97
97
97
196 
100
101
100
100
100
100
100
100
101
100
198 
103
103
103
103
103
103
103
103
103
103
200 
106
106
106
106
106
106
106
106
106
106
202 
110
110
110
110
110
110
110
110
110
110
204 
113
113
113
113
113
113
113
113
113
113
206 
117
117
117
116
116
116
116
116
116
116
208 
121
121
121
121
121
121
121
121
121
121
210 
123
123
123
123
123
123
123
123
123
123
212 
127
127
127
127
127
127
127
127
127
127
214 
131
131
130
130
130
131
131
131
131
131
216 
134
134
134
134
134
134
134
134
134
134
218 
138
138
138
138
138
138
138
138
138
138
220 
142
142
142
142
142
142
142
142
142
142
222 
146
146
146
146
146
146
146
146
146
146
224 
150
150
150
150
150
150
150
150
150
150
226 
154
154
154
154
154
154
154
154
154
154
228 
158
158
158
158
158
158
158
158
158
158
230 
162
162
162
162
162
162
162
162
162
162
232 
168
167
168
168
168
168
168
167
167
167
234 
170
170
170
170
170
170
170
170
170
170
236 
175
175
175
175
175
175
175
175
175
175
238 
179
179
179
179
179
179
179
179
179
179
240 
184
184
184
184
184
184
184
184
184
184
242 
189
189
189
189
189
189
189
189
189
189
244 
194
194
194
194
194
194
194
194
194
194
246 
199
199
199
198
199
199
199
199
198
198
248 
203
203
204
204
203
203
203
204
203
203
250 
208
209
209
209
209
208
209
208
208
208
252 
213
213
212
212
213
213
213
213
213
213
254 
220
220
220
220
220
220
220
220
220
220
256 
223
223
223
223
223
223
223
223
223
223
258 
229
229
229
229
229
229
229
229
229
229
260 
233
233
233
233
233
233
233
233
233
233
262 
239
239
239
239
239
239
239
238
239
239
264 
244
244
244
244
243
244
244
244
244
244
266 
249
249
249
249
249
249
249
249
249
249
268 
255
255
254
255
254
255
255
255
255
254
270 
260
260
260
260
260
260
261
260
260
261
272 
266
266
266
266
266
266
266
266
266
266
274 
273
272
273
273
272
272
272
272
272
272
276 
278
278
278
278
278
277
278
277
278
278
278 
284
284
284
284
284
284
284
284
284
284
280 
291
291
291
291
291
291
291
291
291
291
282 
297
297
297
297
297
297
297
297
297
296
284 
303
303
304
303
303
304
303
303
303
303
286 
310
310
310
310
310
310
310
310
310
309
288 
318
318
318
317
317
317
318
317
317
317
290 
323
323
323
324
323
323
323
323
323
323
292 
330
330
330
331
330
330
330
330
330
330
294 
338
338
338
338
337
338
338
338
338
337
296 
346
346
346
346
346
346
346
346
345
346
298 
351
351
352
351
352
352
352
352
351
351
300 
359
360
359
359
359
359
359
359
359
358
302 
366
366
366
366
366
365
366
366
365
366
304 
374
373
373
374
374
374
374
373
374
373
306 
382
382
382
382
382
381
381
382
381
381
308 
389
389
389
390
389
389
389
390
389
389
310 
396
396
396
396
396
396
396
396
395
396
312 
403
404
402
403
403
402
403
403
403
403
314 
411
411
411
411
411
411
412
411
412
412
316 
419
419
419
419
419
419
419
420
419
419
318 
428
428
428
428
427
427
428
427
427
427
320 
435
434
434
435
434
435
435
435
434
435
322 
444
443
443
444
444
444
444
445
445
444
324 
453
453
453
452
453
453
453
453
453
453
326 
462
462
461
462
463
462
462
461
462
462
328 
470
471
470
470
471
470
470
470
470
470
330 
479
478
480
479
479
480
479
479
480
479
332 
487
487
488
488
487
487
488
487
487
487
334 
497
497
496
497
497
497
496
496
497
497
336 
507
506
506
506
506
506
506
506
506
506
338 
514
515
514
514
514
515
514
514
515
514
340 
522
523
523
524
524
523
523
523
523
524
342 
533
533
533
533
533
532
533
533
533
532
344 
542
542
541
541
541
542
542
542
542
542
346 
551
551
551
551
551
550
551
551
551
552
348 
562
562
562
562
562
562
562
562
562
562
350 
572
572
573
572
572
572
572
572
572
572
352 
583
583
582
583
582
582
582
582
581
581
354 
596
596
597
597
597
597
597
597
597
597
356 
603
602
602
602
602
603
603
602
602
602
358 
614
613
613
613
614
614
613
613
613
613
360 
623
622
622
622
623
623
624
623
622
623
362 
637
638
638
637
638
637
637
638
637
638
364 
644
644
644
643
643
644
644
644
643
643
366 
654
654
654
654
654
655
655
655
655
655
368 
667
666
666
667
668
667
667
667
666
667
370 
679
678
679
679
678
678
678
679
679
679
372 
690
689
688
689
689
689
689
689
689
689
374 
700
700
700
699
701
700
700
700
701
701
376 
715
714
715
716
715
715
714
714
714
714
378 
723
724
724
724
724
724
723
723
723
724
380 
735
736
737
736
737
736
736
736
736
736
382 
756
755
755
755
756
756
755
755
755
755
384 
761
761
760
760
761
761
761
761
761
761
386 
773
772
772
773
772
771
772
772
772
772
388 
791
792
792
792
791
792
792
793
792
791
390 
795
796
796
795
795
796
797
796
798
797
392 
809
809
808
808
807
807
807
808
807
806
394 
817
818
818
818
818
819
818
819
819
819
396 
831
831
832
831
831
830
831
831
831
831
398 
843
843
843
843
843
843
844
843
843
843
400 
856
856
856
856
855
857
855
856
856
856
402 
870
869
869
870
868
869
870
869
869
869
404 
881
882
881
882
882
882
882
882
882
882
406 
897
896
896
896
896
894
895
895
894
895
408 
909
908
909
910
909
908
909
909
909
909
410 
922
921
921
921
921
921
921
922
921
921
412 
935
934
934
934
934
933
934
935
934
935
414 
949
949
950
949
948
949
949
949
948
948
416 
965
963
964
965
965
966
967
966
965
965
418 
983
982
982
983
984
984
983
983
983
982
420 
990
990
989
990
988
989
990
990
990
990
422 
1004
1002
1003
1004
1004
1004
1004
1004
1003
1004
424 
1018
1018
1019
1018
1018
1017
1019
1018
1018
1018
426 
1033
1034
1033
1034
1034
1034
1034
1034
1034
1034
428 
1048
1047
1046
1047
1046
1047
1047
1046
1048
1047
430 
1060
1061
1063
1064
1063
1062
1064
1061
1061
1061
432 
1081
1079
1081
1080
1081
1080
1080
1081
1081
1081
434 
1092
1091
1092
1091
1091
1092
1092
1093
1092
1092
436 
1109
1107
1109
1109
1107
1108
1109
1108
1107
1109
438 
1122
1122
1123
1123
1122
1123
1123
1123
1122
1123
440 
1140
1140
1140
1138
1139
1138
1138
1140
1139
1140
442 
1155
1154
1152
1153
1153
1154
1153
1153
1152
1153
444 
1168
1169
1168
1168
1169
1169
1169
1168
1168
1169
446 
1192
1192
1193
1193
1192
1192
1192
1191
1192
1192
448 
1201
1202
1201
1202
1202
1203
1202
1202
1202
1203
450 
1222
1220
1222
1223
1221
1222
1221
1221
1224
1223
452 
1235
1234
1231
1233
1233
1234
1232
1234
1232
1235
454 
1250
1249
1249
1249
1249
1250
1250
1251
1250
1250
456 
1266
1267
1266
1267
1267
1266
1267
1266
1267
1266
458 
1282
1282
1281
1282
1281
1282
1283
1281
1282
1283
460 
1300
1300
1299
1300
1299
1300
1300
1301
1300
1299
462 
1315
1314
1316
1315
1315
1314
1316
1315
1315
1315
464 
1332
1332
1333
1333
1333
1333
1332
1333
1333
1334
466 
1360
1360
1361
1359
1362
1361
1361
1361
1361
1361
468 
1372
1371
1371
1372
1371
1372
1373
1372
1373
1372
470 
1387
1386
1387
1386
1385
1385
1385
1385
1385
1385
472 
1403
1404
1404
1404
1403
1404
1404
1403
1403
1403
474 
1420
1420
1421
1419
1420
1420
1420
1420
1420
1420
476 
1436
1436
1437
1435
1436
1437
1436
1438
1438
1437
478 
1456
1456
1457
1458
1458
1457
1456
1455
1456
1455
480 
1489
1489
1490
1489
1490
1488
1490
1489
1490
1489
482 
1491
1491
1490
1491
1491
1491
1491
1491
1491
1491
484 
1517
1518
1518
1517
1517
1516
1517
1517
1516
1516
486 
1531
1530
1531
1533
1531
1531
1530
1530
1530
1531
488 
1548
1548
1547
1548
1548
1548
1548
1548
1548
1548
490 
1568
1567
1568
1568
1569
1567
1568
1567
1568
1567
492 
1591
1591
1592
1591
1592
1590
1592
1592
1592
1592
494 
1607
1609
1609
1609
1608
1607
1608
1607
1607
1607
496 
1629
1629
1628
1628
1628
1628
1629
1629
1629
1629
498 
1651
1651
1652
1652
1652
1652
1651
1651
1652
1652
500 
1668
1669
1668
1669
1668
1668
1667
1670
1671
1671
502 
1695
1694
1693
1694
1693
1692
1692
1692
1693
1693
504 
1710
1710
1710
1710
1710
1710
1709
1709
1710
1709
506 
1737
1737
1738
1737
1738
1737
1737
1738
1740
1739
508 
1753
1752
1754
1755
1755
1753
1752
1752
1751
1750
510 
2300
2283
2289
2289
2289
2290
2305
2295
2282
2299
512 
1793
1793
1792
1793
1793
1793
1792
1794
1792
1794
514 
1820
1821
1821
1823
1824
1824
1821
1820
1820
1821
516 
1831
1832
1834
1832
1833
1833
1833
1832
1832
1831
518 
1857
1857
1857
1856
1858
1857
1858
1855
1857
1857
520 
1880
1879
1881
1880
1879
1880
1881
1882
1881
1879
522 
1898
1897
1897
1896
1897
1897
1898
1898
1897
1897
524 
1923
1922
1922
1922
1922
1922
1923
1922
1921
1922
526 
1943
1943
1943
1943
1942
1943
1942
1944
1945
1944
528 
1967
1965
1967
1966
1966
1966
1966
1966
1966
1965
530 
2001
2000
1999
2000
2000
2000
2000
1999
2000
1999
532 
2008
2008
2010
2010
2010
2010
2009
2010
2011
2010
534 
2034
2032
2033
2033
2033
2032
2033
2034
2032
2033
536 
2052
2053
2052
2052
2052
2051
2051
2053
2052
2053
538 
2076
2076
2077
2074
2075
2076
2077
2080
2079
2077
540 
2097
2097
2098
2098
2096
2098
2098
2098
2098
2097
542 
2127
2125
2126
2126
2126
2126
2127
2125
2125
2126
544 
2171
2171
2171
2171
2171
2173
2172
2171
2170
2170
546 
2171
2170
2170
2169
2171
2170
2171
2169
2170
2171
548 
2195
2194
2195
2195
2194
2195
2195
2194
2195
2194
550 
2214
2215
2217
2219
2217
2213
2215
2214
2216
2215
552 
2240
2239
2240
2241
2241
2240
2241
2240
2242
2242
554 
2267
2266
2266
2268
2266
2266
2267
2267
2264
2268
556 
2287
2286
2284
2284
2284
2285
2283
2283
2284
2283
558 
2309
2309
2309
2308
2309
2309
2308
2309
2310
2310
560 
2335
2335
2334
2335
2334
2338
2338
2336
2335
2335
562 
2360
2359
2359
2359
2359
2359
2359
2359
2359
2359
564 
2386
2386
2387
2387
2388
2387
2386
2389
2388
2388
566 
2408
2409
2408
2406
2407
2406
2407
2405
2405
2406
568 
2433
2434
2434
2434
2432
2434
2435
2434
2434
2431
570 
2459
2458
2459
2457
2458
2461
2462
2460
2458
2460
572 
2493
2493
2492
2493
2491
2493
2493
2493
2492
2493
574 
2535
2535
2536
2535
2536
2536
2537
2537
2535
2538
576 
2540
2538
2536
2537
2537
2537
2538
2537
2538
2537
578 
2579
2579
2578
2579
2579
2579
2579
2579
2578
2578
580 
2591
2593
2594
2596
2594
2592
2593
2593
2592
2592
582 
2614
2614
2615
2614
2614
2613
2613
2614
2614
2614
584 
2648
2648
2649
2650
2647
2650
2652
2650
2649
2646
586 
2673
2673
2672
2674
2673
2673
2672
2674
2674
2673
588 
2701
2700
2702
2701
2702
2701
2701
2701
2704
2704
590 
2726
2727
2727
2727
2728
2727
2729
2728
2728
2729
592 
2760
2757
2759
2759
2759
2759
2759
2760
2759
2759
594 
2794
2792
2790
2789
2789
2790
2790
2790
2787
2789
596 
2823
2822
2824
2823
2821
2823
2823
2823
2822
2822
598 
2841
2843
2845
2842
2839
2841
2840
2840
2841
2842
600 
2870
2871
2871
2871
2869
2871
2871
2872
2872
2871
602 
2909
2908
2912
2911
2907
2907
2907
2908
2908
2907
604 
2927
2926
2926
2926
2927
2926
2927
2927
2926
2927
606 
2966
2963
2966
2968
2965
2965
2965
2962
2964
2963
608 
3003
3002
3003
3003
3003
3002
3002
3002
3002
3002
610 
3019
3019
3019
3021
3019
3018
3017
3015
3016
3017
612 
3040
3040
3041
3039
3040
3040
3040
3039
3040
3038
614 
3077
3077
3079
3082
3079
3077
3076
3079
3077
3077
616 
3105
3106
3105
3105
3104
3105
3105
3105
3104
3107
618 
3139
3135
3140
3139
3138
3137
3137
3136
3137
3136
620 
3165
3166
3165
3165
3165
3166
3165
3166
3165
3166
622 
3196
3200
3199
3197
3197
3197
3196
3197
3196
3197
624 
3228
3230
3231
3229
3230
3231
3232
3232
3232
3233
626 
3265
3262
3261
3261
3261
3260
3261
3261
3261
3260
628 
3328
3327
3327
3329
3329
3329
3328
3328
3334
3330
630 
3325
3325
3325
3325
3325
3326
3326
3324
3328
3326
632 
3355
3355
3355
3357
3356
3356
3359
3356
3353
3353
634 
3391
3388
3389
3389
3389
3389
3389
3389
3387
3388
636 
3424
3424
3423
3426
3428
3423
3422
3424
3423
3424
638 
3498
3498
3499
3501
3498
3499
3497
3499
3502
3500
640 
3490
3492
3490
3489
3489
3490
3488
3490
3489
3489
642 
3519
3520
3518
3519
3519
3519
3520
3519
3524
3523
644 
3554
3552
3552
3553
3552
3554
3551
3553
3553
3553
646 
3590
3591
3592
3592
3592
3597
3592
3589
3590
3591
648 
3623
3623
3623
3624
3623
3625
3624
3625
3624
3624
650 
3652
3656
3658
3653
3655
3654
3653
3652
3652
3653
652 
3695
3695
3695
3695
3695
3696
3697
3697
3700
3695
654 
3720
3719
3719
3718
3719
3718
3718
3719
3719
3719
656 
3765
3765
3763
3766
3771
3766
3765
3765
3765
3763
658 
3804
3804
3803
3803
3804
3803
3804
3807
3807
3806
660 
3865
3860
3858
3858
3858
3859
3857
3857
3858
3858
662 
3870
3870
3871
3871
3870
3874
3874
3870
3870
3870
664 
3930
3928
3928
3928
3929
3929
3928
3928
3930
3932
666 
3942
3946
3941
3940
3941
3941
3940
3940
3940
3942
668 
3970
3970
3971
3971
3970
3974
3976
3972
3971
3973
670 
4020
4019
4021
4020
4019
4020
4019
4020
4021
4022
672 
4063
4066
4060
4059
4058
4061
4060
4060
4057
4058
674 
4082
4082
4083
4083
4082
4086
4086
4082
4082
4081
676 
4127
4129
4128
4129
4128
4128
4127
4128
4131
4129
678 
4159
4154
4152
4152
4150
4150
4152
4152
4151
4151
680 
4195
4191
4194
4193
4198
4197
4192
4194
4194
4193
682 
4221
4222
4222
4222
4222
4222
4221
4224
4223
4227
684 
4272
4272
4272
4272
4272
4274
4274
4272
4272
4274
686 
4299
4301
4301
4306
4299
4295
4297
4299
4298
4299
688 
4337
4336
4335
4337
4338
4338
4338
4342
4335
4337
690 
4375
4376
4375
4375
4375
4377
4374
4376
4373
4376
692 
4420
4419
4415
4412
4414
4413
4413
4414
4413
4414
694 
4460
4459
4462
4461
4466
4461
4459
4459
4460
4459
696 
4501
4503
4502
4501
4503
4501
4501
4507
4504
4500
698 
4529
4530
4531
4528
4530
4529
4529
4528
4529
4532
700 
4601
4601
4599
4596
4598
4596
4597
4599
4597
4596
702 
4658
4660
4660
4666
4663
4660
4661
4659
4660
4660
704 
4650
4651
4650
4653
4654
4655
4657
4654
4651
4650
706 
4718
4720
4719
4719
4720
4719
4720
4719
4719
4727
708 
4756
4754
4754
4755
4754
4754
4756
4753
4754
4755
710 
4782
4781
4784
4777
4779
4778
4777
4777
4779
4779
712 
4825
4824
4825
4825
4828
4826
4824
4826
4824
4820
714 
4850
4851
4851
4849
4849
4853
4851
4853
4849
4848
716 
4900
4899
4899
4902
4901
4899
4902
4899
4900
4908
718 
4935
4934
4933
4937
4935
4935
4935
4934
4935
4937
720 
4988
4996
4990
4989
4988
4990
4988
4989
4990
4989
722 
5022
5022
5022
5031
5022
5023
5022
5024
5023
5020
724 
5069
5068
5068
5072
5069
5076
5068
5068
5071
5068
726 
5115
5116
5115
5116
5116
5114
5118
5121
5115
5115
728 
5189
5190
5190
5189
5190
5189
5189
5191
5196
5191
730 
5189
5188
5189
5187
5187
5187
5188
5188
5186
5188
732 
5240
5233
5233
5233
5234
5232
5233
5233
5232
5234
