365
2 
0
0
0
0
0
0
0
0
0
0
4 
0
0
0
0
0
0
0
0
0
0
6 
0
0
0
0
0
0
0
0
0
0
8 
0
0
0
0
0
0
0
0
0
0
10 
0
0
0
0
0
0
0
0
0
0
12 
0
0
0
0
0
0
0
0
0
0
14 
0
0
0
0
0
0
0
0
0
0
16 
0
0
0
0
0
0
0
0
0
0
18 
0
0
0
0
0
0
0
0
0
0
20 
0
0
0
0
0
0
0
0
0
0
22 
0
0
0
0
0
0
0
0
0
0
24 
0
0
0
0
0
0
0
0
0
0
26 
0
0
0
0
0
0
0
0
0
0
28 
0
0
0
0
0
0
0
0
0
0
30 
0
0
0
0
0
0
0
0
0
0
32 
0
0
0
0
0
0
0
0
0
0
34 
0
0
0
0
0
0
0
0
0
0
36 
0
0
0
0
0
0
0
0
0
0
38 
0
0
0
0
0
0
0
0
0
0
40 
0
0
0
0
0
0
0
0
0
0
42 
0
0
0
0
0
0
0
0
0
0
44 
1
1
1
1
1
1
1
1
1
1
46 
1
1
1
1
1
1
1
1
1
1
48 
1
1
1
1
1
1
1
1
1
1
50 
1
1
1
1
1
1
1
1
1
1
52 
1
1
1
1
1
1
1
1
1
1
54 
2
2
2
2
2
2
2
2
2
2
56 
2
2
2
2
2
2
2
2
2
2
58 
2
2
2
2
2
2
2
2
2
2
60 
2
2
2
2
2
2
2
2
2
2
62 
3
3
3
3
3
3
3
3
3
3
64 
3
3
3
3
3
3
3
3
3
3
66 
3
3
3
3
3
3
3
3
3
3
68 
3
3
3
3
3
3
3
3
3
3
70 
4
4
4
4
4
4
4
4
4
4
72 
4
4
4
4
4
4
4
4
4
4
74 
5
5
5
5
5
5
5
5
5
5
76 
5
5
5
5
5
5
5
5
5
5
78 
5
5
5
5
5
5
5
5
5
5
80 
6
6
6
6
6
6
6
6
6
6
82 
6
6
6
6
6
6
6
6
6
6
84 
7
7
7
7
7
7
7
7
7
7
86 
7
7
7
7
7
7
7
7
7
7
88 
8
8
8
8
8
8
8
8
8
8
90 
9
9
9
9
9
9
9
9
9
9
92 
9
9
9
9
9
9
9
9
9
9
94 
10
10
10
10
10
10
10
10
10
10
96 
10
11
10
10
10
10
10
10
10
10
98 
11
11
11
11
11
11
11
11
11
11
100 
12
12
12
12
12
12
12
12
12
12
102 
13
13
13
13
13
13
13
13
13
13
104 
13
13
13
13
13
13
13
13
13
13
106 
14
14
14
14
14
14
14
14
14
14
108 
15
15
15
15
15
15
15
15
15
15
110 
16
16
16
16
16
16
16
16
16
16
112 
17
17
17
17
17
17
17
17
17
17
114 
18
18
18
18
18
18
18
18
18
18
116 
19
19
19
19
19
19
19
19
19
19
118 
20
20
20
20
20
20
20
20
20
20
120 
21
21
21
21
21
21
21
21
21
21
122 
22
22
22
22
22
22
22
22
22
22
124 
23
23
23
23
23
23
23
23
23
23
126 
24
24
24
24
24
24
24
24
24
24
128 
25
25
25
25
25
25
25
25
25
25
130 
26
26
26
26
26
26
26
26
26
26
132 
28
28
28
28
28
28
28
28
28
28
134 
29
29
29
29
29
29
29
29
29
29
136 
30
30
30
30
30
30
30
30
30
30
138 
32
32
32
32
32
32
32
32
32
32
140 
33
33
33
33
33
33
33
33
33
33
142 
34
34
34
34
34
34
34
34
34
34
144 
36
36
36
36
36
36
36
36
36
36
146 
37
37
37
37
37
37
37
37
37
37
148 
39
39
39
39
39
39
39
39
39
39
150 
41
41
41
41
41
41
41
41
41
41
152 
42
42
42
42
42
42
42
42
42
42
154 
44
44
44
44
44
44
44
44
44
44
156 
46
46
46
46
46
46
46
46
46
46
158 
48
48
48
48
48
48
48
48
48
48
160 
49
49
49
49
49
49
49
49
49
49
162 
51
51
51
51
51
51
51
51
51
51
164 
53
53
53
53
53
53
53
53
53
53
166 
55
55
55
55
55
55
55
55
55
55
168 
57
57
57
57
57
57
57
57
57
57
170 
59
59
59
59
59
59
59
59
59
59
172 
61
61
61
61
61
61
61
61
61
61
174 
63
63
63
63
63
63
63
63
63
64
176 
66
66
66
66
66
66
66
66
66
66
178 
68
68
68
68
68
68
68
68
68
68
180 
70
70
70
70
70
70
70
70
70
70
182 
73
73
73
73
73
73
73
73
73
73
184 
75
75
75
75
75
75
75
75
75
75
186 
78
78
78
78
78
78
78
78
78
78
188 
80
80
80
80
80
80
80
80
80
80
190 
83
83
83
83
83
83
83
83
83
83
192 
85
85
85
85
85
85
85
85
85
85
194 
88
88
88
88
88
88
88
88
88
88
196 
91
91
91
91
91
91
91
91
91
91
198 
94
94
94
94
94
94
94
94
94
94
200 
96
96
96
96
96
96
96
96
96
96
202 
99
99
99
99
100
99
99
99
100
99
204 
102
102
102
102
102
102
102
102
102
102
206 
105
105
105
105
105
105
105
105
105
105
208 
109
109
109
109
109
109
109
109
109
109
210 
112
112
112
112
112
112
112
112
112
112
212 
115
115
115
115
115
115
115
115
115
115
214 
118
118
118
118
118
118
118
118
118
118
216 
121
121
121
121
121
121
121
121
121
121
218 
125
125
125
125
125
125
125
125
125
125
220 
128
128
128
128
128
128
128
128
128
128
222 
132
132
132
132
132
132
132
132
132
132
224 
135
135
135
135
135
135
135
135
135
135
226 
139
139
139
139
139
139
139
139
139
139
228 
143
143
143
143
143
143
143
143
143
143
230 
146
146
146
146
146
146
146
146
146
146
232 
151
151
151
151
151
151
151
151
151
151
234 
154
154
154
154
154
154
154
154
154
154
236 
158
158
158
158
158
158
158
158
158
158
238 
162
162
162
162
162
162
162
162
162
162
240 
166
166
166
166
166
166
166
166
166
166
242 
170
170
170
170
170
170
170
170
170
170
244 
175
175
175
175
175
175
175
175
175
175
246 
179
179
179
179
179
179
179
179
179
179
248 
183
183
183
183
183
183
183
183
183
183
250 
188
188
188
188
188
188
188
188
188
188
252 
192
192
192
192
192
192
192
192
192
192
254 
199
199
199
199
199
199
199
199
199
199
256 
201
201
201
201
201
201
201
201
201
201
258 
206
207
206
206
206
206
206
206
206
206
260 
211
211
211
211
211
211
211
211
211
211
262 
216
216
216
216
216
216
216
216
216
216
264 
221
221
221
221
221
221
221
221
221
221
266 
226
226
226
226
226
226
226
226
226
226
268 
231
231
231
231
231
231
231
231
231
231
270 
236
236
236
236
236
236
236
236
236
236
272 
241
241
241
241
241
241
241
241
241
241
274 
247
247
247
247
247
247
247
247
247
247
276 
252
252
252
252
252
252
252
252
252
252
278 
258
258
258
258
258
258
258
258
258
258
280 
263
263
263
263
263
263
263
263
263
263
282 
269
269
269
269
269
269
269
269
269
269
284 
274
275
275
275
275
275
274
274
275
275
286 
280
280
280
280
280
280
280
280
280
280
288 
286
286
286
286
286
286
286
286
286
286
290 
292
292
292
293
292
292
292
292
292
292
292 
298
298
298
298
298
298
298
298
298
298
294 
305
304
304
305
304
304
305
304
304
305
296 
311
311
311
311
311
311
311
311
311
311
298 
317
317
317
317
317
317
317
317
317
317
300 
323
323
324
323
323
324
323
323
324
323
302 
330
330
330
330
330
330
330
330
330
330
304 
337
337
336
337
336
336
337
336
336
337
306 
343
343
343
343
343
343
343
343
343
343
308 
350
350
350
350
350
350
350
350
350
350
310 
357
357
357
357
357
357
357
357
357
357
312 
364
364
364
364
364
364
364
364
364
364
314 
371
371
371
370
371
371
371
371
371
371
316 
378
378
378
378
378
378
378
378
378
378
318 
387
387
387
387
386
387
386
387
387
387
320 
392
392
392
392
392
392
392
392
392
392
322 
400
400
400
400
400
400
400
400
400
400
324 
407
407
407
407
407
407
407
407
408
407
326 
415
415
415
415
415
415
415
415
415
415
328 
422
422
422
422
422
422
422
422
422
422
330 
431
431
431
431
431
431
431
431
431
431
332 
438
438
438
438
438
438
438
438
438
438
334 
446
446
446
446
446
446
446
446
446
446
336 
454
454
454
454
454
454
454
454
454
454
338 
463
463
463
462
462
462
462
462
462
463
340 
471
471
470
471
470
471
470
471
470
470
342 
479
479
479
479
479
479
479
479
479
479
344 
487
487
487
487
487
487
487
487
487
487
346 
496
496
496
496
496
496
496
496
496
496
348 
504
504
505
504
505
504
504
504
504
504
350 
513
513
513
513
513
513
513
513
513
513
352 
523
523
523
523
523
523
523
523
523
523
354 
532
532
532
532
532
533
532
533
533
532
356 
540
540
540
540
540
540
541
540
541
540
358 
549
549
549
549
549
549
549
549
549
549
360 
558
558
559
558
559
558
558
558
558
558
362 
569
569
569
569
569
569
569
569
569
569
364 
577
577
577
577
577
577
577
578
578
578
366 
587
587
587
587
587
587
587
587
587
587
368 
597
597
596
596
597
596
596
597
596
597
370 
609
609
609
609
609
609
608
609
609
609
372 
616
616
616
616
617
617
617
617
617
616
374 
627
627
627
627
627
628
627
627
627
627
376 
637
637
637
637
638
637
638
637
637
637
378 
647
647
647
647
647
647
647
647
647
647
380 
657
657
657
657
657
657
657
657
657
657
382 
677
677
677
677
677
677
677
677
677
677
384 
678
678
678
678
678
678
678
678
678
678
386 
690
690
690
690
690
690
690
690
690
690
388 
708
708
708
708
708
708
708
708
708
708
390 
711
711
711
710
711
711
711
711
711
712
392 
723
723
723
723
723
723
722
722
722
722
394 
733
733
733
733
733
733
733
733
733
733
396 
745
744
744
744
744
744
745
744
744
744
398 
756
756
756
756
756
756
756
756
756
756
400 
767
768
767
767
767
767
768
768
768
768
402 
779
779
779
779
779
779
779
779
779
779
404 
791
791
791
791
791
791
791
791
791
791
406 
802
802
803
803
804
804
804
804
804
803
408 
818
818
818
818
818
818
818
818
818
818
410 
827
827
827
827
827
827
827
827
827
827
412 
839
839
839
839
839
839
839
839
839
839
414 
853
853
853
853
853
853
852
853
853
853
416 
871
871
871
871
871
871
871
871
871
871
418 
879
879
879
879
879
879
879
879
878
878
420 
890
890
889
889
890
890
890
890
890
890
422 
902
902
902
902
902
902
902
902
902
902
424 
916
917
917
916
917
917
917
916
917
916
426 
930
930
930
930
930
930
930
930
930
930
428 
941
941
941
941
941
941
941
941
941
941
430 
955
954
955
955
955
955
955
955
955
955
432 
969
969
969
969
969
969
969
969
969
970
434 
983
983
982
982
982
982
982
982
982
982
436 
996
996
996
996
996
996
996
996
996
996
438 
1009
1009
1009
1009
1009
1009
1009
1009
1009
1009
440 
1024
1024
1024
1024
1024
1024
1025
1025
1025
1025
442 
1037
1037
1037
1037
1037
1037
1037
1037
1037
1037
444 
1052
1051
1051
1051
1051
1052
1052
1052
1052
1052
446 
1078
1078
1078
1078
1078
1078
1077
1078
1077
1078
448 
1080
1080
1081
1080
1081
1080
1080
1080
1080
1080
450 
1096
1096
1096
1096
1096
1096
1096
1096
1096
1096
452 
1109
1109
1109
1110
1109
1109
1109
1109
1109
1109
454 
1125
1125
1125
1125
1125
1125
1125
1125
1125
1125
456 
1140
1140
1140
1141
1141
1141
1140
1140
1140
1140
458 
1155
1155
1155
1155
1155
1155
1155
1154
1155
1155
460 
1171
1170
1170
1170
1170
1170
1171
1171
1171
1170
462 
1185
1185
1185
1185
1185
1186
1186
1186
1185
1185
464 
1201
1201
1201
1201
1201
1201
1201
1202
1202
1201
466 
1220
1220
1221
1220
1220
1220
1220
1220
1220
1220
468 
1242
1242
1242
1242
1242
1242
1242
1242
1242
1242
470 
1248
1248
1248
1248
1248
1248
1248
1248
1248
1248
472 
1264
1264
1264
1264
1264
1264
1264
1264
1264
1264
474 
1280
1280
1280
1280
1280
1279
1280
1280
1280
1280
476 
1297
1298
1298
1298
1297
1296
1296
1296
1296
1296
478 
1315
1315
1315
1315
1315
1315
1315
1315
1315
1316
480 
1347
1347
1347
1347
1347
1347
1347
1347
1347
1346
482 
1346
1346
1346
1346
1346
1346
1346
1346
1346
1346
484 
1374
1374
1374
1375
1374
1374
1374
1375
1375
1375
486 
1381
1380
1379
1380
1380
1380
1379
1379
1380
1380
488 
1398
1398
1398
1398
1398
1398
1398
1398
1398
1398
490 
1414
1415
1414
1414
1415
1415
1414
1414
1414
1414
492 
1432
1432
1432
1433
1432
1433
1432
1433
1432
1434
494 
1450
1450
1449
1448
1449
1449
1449
1449
1449
1448
496 
1467
1467
1467
1467
1467
1467
1467
1467
1467
1467
498 
1485
1485
1485
1485
1485
1485
1485
1485
1485
1485
500 
1502
1503
1502
1503
1503
1502
1503
1502
1502
1503
502 
1520
1521
1521
1520
1520
1520
1520
1521
1520
1521
504 
1540
1540
1540
1540
1540
1540
1540
1540
1540
1540
506 
1559
1559
1559
1559
1560
1559
1560
1560
1559
1559
508 
1575
1576
1576
1575
1576
1576
1576
1576
1576
1577
510 
2600
2600
2600
2605
2570
2577
2589
2587
2585
2581
512 
1615
1615
1617
1615
1615
1614
1615
1615
1615
1615
514 
1635
1635
1635
1635
1635
1635
1635
1634
1635
1635
516 
1650
1650
1650
1650
1650
1651
1651
1650
1651
1650
518 
1670
1670
1670
1670
1670
1670
1669
1669
1669
1669
520 
1693
1694
1694
1694
1694
1694
1694
1694
1694
1694
522 
1708
1708
1708
1708
1709
1709
1710
1710
1708
1708
524 
1728
1728
1728
1728
1728
1728
1728
1728
1728
1728
526 
1748
1748
1748
1747
1747
1747
1747
1748
1748
1748
528 
1771
1771
1771
1771
1771
1771
1771
1771
1771
1771
530 
1795
1795
1795
1795
1795
1795
1795
1795
1795
1795
532 
1813
1813
1813
1813
1813
1813
1813
1813
1813
1813
534 
1828
1829
1828
1829
1828
1828
1829
1829
1829
1829
536 
1849
1849
1850
1851
1851
1849
1849
1850
1849
1849
538 
1870
1870
1870
1870
1870
1870
1870
1870
1870
1870
540 
1891
1891
1891
1891
1891
1891
1891
1890
1891
1890
542 
1920
1920
1920
1920
1920
1920
1920
1920
1920
1920
544 
1960
1960
1960
1960
1960
1960
1960
1960
1960
1960
546 
1955
1955
1955
1955
1955
1955
1955
1955
1955
1955
548 
1977
1977
1977
1977
1977
1978
1979
1977
1976
1976
550 
1999
1998
1999
1999
1999
1999
1999
1999
1999
1999
552 
2021
2020
2020
2021
2021
2021
2021
2021
2020
2021
554 
2043
2043
2043
2044
2043
2043
2043
2043
2043
2044
556 
2065
2065
2065
2065
2065
2065
2065
2065
2065
2065
558 
2087
2087
2087
2088
2088
2087
2087
2088
2087
2088
560 
2110
2110
2110
2110
2112
2111
2110
2110
2110
2109
562 
2132
2132
2132
2132
2132
2132
2133
2132
2132
2132
564 
2155
2155
2155
2155
2155
2155
2155
2155
2155
2155
566 
2178
2178
2178
2178
2178
2178
2178
2178
2178
2178
568 
2201
2201
2201
2201
2201
2201
2201
2201
2201
2201
570 
2225
2224
2224
2224
2225
2225
2225
2224
2224
2226
572 
2252
2250
2250
2250
2250
2250
2250
2250
2250
2250
574 
2303
2303
2303
2303
2303
2302
2303
2303
2302
2302
576 
2297
2297
2297
2297
2297
2297
2297
2297
2297
2297
578 
2326
2326
2326
2326
2326
2326
2326
2326
2326
2326
580 
2343
2342
2343
2343
2342
2343
2343
2343
2343
2343
582 
2367
2368
2369
2367
2367
2367
2366
2367
2367
2367
584 
2399
2398
2398
2398
2399
2398
2398
2399
2399
2399
586 
2417
2417
2417
2417
2417
2417
2417
2417
2417
2417
588 
2442
2442
2442
2442
2442
2442
2443
2442
2442
2442
590 
2468
2468
2469
2468
2468
2468
2468
2468
2468
2468
592 
2492
2495
2494
2492
2492
2492
2492
2492
2492
2492
594 
2517
2518
2518
2518
2518
2518
2518
2518
2518
2518
596 
2546
2546
2546
2546
2546
2546
2546
2545
2546
2545
598 
2568
2568
2568
2568
2568
2568
2568
2569
2568
2569
600 
2595
2594
2594
2594
2594
2595
2594
2594
2597
2596
602 
2622
2622
2622
2622
2622
2622
2622
2622
2622
2622
604 
2646
2646
2647
2647
2646
2647
2646
2646
2647
2647
606 
2691
2691
2691
2691
2691
2691
2691
2691
2690
2690
608 
2730
2731
2731
2731
2731
2732
2731
2731
2731
2731
610 
2737
2737
2737
2739
2738
2737
2737
2737
2737
2737
612 
2753
2753
2753
2753
2753
2753
2753
2753
2753
2753
614 
2780
2780
2780
2780
2780
2781
2781
2781
2780
2780
616 
2808
2808
2808
2808
2807
2807
2807
2807
2808
2808
618 
2834
2834
2834
2834
2835
2834
2837
2837
2835
2835
620 
2863
2863
2863
2863
2862
2863
2863
2863
2863
2864
622 
2893
2892
2892
2892
2892
2892
2892
2892
2892
2892
624 
2918
2918
2918
2919
2918
2918
2918
2918
2918
2918
626 
2945
2945
2945
2945
2945
2945
2944
2946
2948
2945
628 
3017
3017
3017
3017
3017
3017
3017
3017
3017
3017
630 
3004
3003
3002
3002
3002
3003
3002
3003
3003
3003
632 
3031
3031
3031
3032
3032
3031
3032
3031
3031
3031
634 
3068
3068
3068
3068
3068
3068
3068
3071
3070
3068
636 
3089
3089
3089
3090
3090
3089
3089
3089
3089
3090
638 
3167
3167
3167
3167
3171
3178
3173
3167
3168
3167
640 
3149
3149
3148
3149
3149
3148
3148
3148
3149
3149
642 
3186
3185
3186
3185
3186
3187
3189
3186
3186
3186
644 
3208
3208
3208
3208
3208
3208
3208
3208
3208
3207
646 
3237
3237
3237
3238
3237
3237
3237
3238
3238
3238
648 
3268
3268
3268
3268
3267
3268
3268
3268
3268
3268
650 
3300
3300
3302
3304
3301
3300
3301
3300
3300
3301
652 
3351
3351
3351
3351
3351
3351
3351
3351
3351
3351
654 
3363
3364
3363
3363
3363
3363
3363
3363
3363
3363
656 
3394
3394
3394
3394
3394
3394
3394
3394
3397
3396
658 
3426
3427
3426
3426
3427
3426
3427
3427
3427
3427
660 
3482
3481
3482
3482
3482
3482
3482
3482
3482
3482
662 
3483
3484
3483
3484
3484
3483
3484
3484
3484
3484
664 
3539
3539
3538
3542
3539
3539
3539
3539
3538
3539
666 
3550
3551
3551
3551
3551
3550
3551
3551
3551
3551
668 
3580
3580
3580
3580
3580
3580
3580
3580
3580
3580
670 
3644
3644
3643
3643
3643
3643
3644
3646
3643
3643
672 
3680
3680
3680
3680
3680
3680
3681
3681
3681
3680
674 
3693
3693
3693
3693
3693
3693
3692
3693
3693
3693
676 
3714
3714
3714
3715
3714
3714
3714
3714
3714
3718
678 
3741
3741
3741
3741
3741
3741
3741
3741
3741
3742
680 
3795
3795
3795
3795
3795
3795
3795
3795
3795
3795
682 
3808
3808
3808
3808
3808
3809
3808
3808
3808
3808
684 
3846
3850
3846
3846
3846
3846
3846
3846
3846
3846
686 
3883
3883
3883
3883
3883
3883
3883
3883
3882
3883
688 
3914
3913
3914
3914
3913
3914
3914
3914
3914
3914
690 
3952
3953
3955
3951
3951
3951
3951
3951
3951
3951
692 
3980
3981
3981
3981
3981
3980
3980
3980
3981
3981
694 
4013
4014
4014
4013
4013
4014
4014
4014
4013
4014
696 
4051
4052
4055
4051
4051
4051
4051
4051
4051
4051
698 
4083
4084
4083
4083
4083
4083
4083
4083
4083
4083
700 
4131
4131
4131
4131
4131
4131
4132
4131
4131
4131
702 
4215
4219
4216
4215
4215
4215
4216
4215
4215
4216
704 
4204
4203
4203
4203
4203
4203
4203
4203
4203
4203
706 
4244
4244
4245
4245
4245
4244
4244
4245
4244
4247
708 
4309
4307
4307
4307
4307
4307
4307
4307
4308
4307
710 
4298
4298
4298
4298
4298
4297
4298
4297
4298
4298
712 
4372
4372
4373
4372
4372
4372
4372
4376
4373
4372
714 
4371
4371
4371
4371
4370
4371
4372
4371
4371
4371
716 
4410
4410
4410
4410
4409
4410
4410
4410
4410
4410
718 
4455
4454
4454
4454
4457
4456
4454
4454
4454
4454
720 
4485
4485
4485
4486
4485
4485
4485
4485
4485
4485
722 
4520
4520
4520
4520
4520
4520
4521
4520
4520
4520
724 
4557
4561
4557
4557
4557
4557
4557
4557
4557
4557
726 
4595
4595
4595
4595
4595
4595
4594
4595
4595
4595
728 
4677
4677
4678
4678
4677
4677
4677
4681
4678
4678
730 
4676
4676
4676
4676
4676
4677
4676
4676
4676
4676
